   2.5602410e-03   0.0000000e+00
   1.2118268e-02   6.5039097e-05
   2.1676294e-02   5.0996230e-05
   3.1234320e-02   6.1400347e-05
   4.0792344e-02   4.1592019e-05
   5.0350365e-02   4.1536448e-05
   5.9908384e-02   4.2197456e-05
   6.9466400e-02   3.1120532e-05
   7.9024412e-02   3.1282987e-05
   8.8582420e-02   3.1370292e-05
   9.8140423e-02   3.2308577e-05
   1.0769842e-01   3.2016233e-05
   1.1725641e-01   3.2158931e-05
   1.2681440e-01   3.4084184e-05
   1.3637238e-01   3.5557612e-05
   1.4593035e-01   3.7439271e-05
   1.5548831e-01   3.9721475e-05
   1.6504626e-01   3.9513433e-05
   1.7460421e-01   4.1906461e-05
   1.8416215e-01   4.2461109e-05
   1.9372007e-01   4.0679240e-05
   2.0327799e-01   3.8954779e-05
   2.1283589e-01   3.7739355e-05
   2.2239378e-01   4.2101389e-05
   2.3195166e-01   4.0055967e-05
   2.4150953e-01   3.9142337e-05
   2.5106738e-01   3.9115848e-05
   2.6062522e-01   4.0651299e-05
   2.7018305e-01   4.1161559e-05
   2.7974086e-01   4.0432800e-05
   2.8929865e-01   4.2219597e-05
   2.9885643e-01   4.2764586e-05
   3.0841420e-01   4.3862507e-05
   3.1797194e-01   4.3370537e-05
   3.2752967e-01   4.2900501e-05
   3.3708738e-01   4.1736976e-05
   3.4664507e-01   4.3027192e-05
   3.5620274e-01   4.3334971e-05
   3.6576039e-01   4.4499100e-05
   3.7531803e-01   4.1938802e-05
   3.8487564e-01   4.4712243e-05
   3.9443323e-01   4.3464079e-05
   4.0399079e-01   4.5254624e-05
   4.1354834e-01   4.4083647e-05
   4.2310586e-01   4.6236385e-05
   4.3266336e-01   4.5160878e-05
   4.4222084e-01   4.7048208e-05
   4.5177829e-01   4.4297629e-05
   4.6133571e-01   4.6003751e-05
   4.7089311e-01   4.6097729e-05
   4.8045049e-01   4.6071430e-05
   4.9000783e-01   4.5714689e-05
   4.9956515e-01   4.9420190e-05
   5.0912245e-01   4.7332788e-05
   5.1867971e-01   5.1055460e-05
   5.2823695e-01   5.2405026e-05
   5.3779415e-01   5.3442242e-05
   5.4735133e-01   5.1723683e-05
   5.5690847e-01   5.6286348e-05
   5.6646559e-01   5.3490953e-05
   5.7602267e-01   5.7265863e-05
   5.8557972e-01   6.1459145e-05
   5.9513674e-01   7.1993862e-05
   6.0469373e-01   6.9004999e-05
   6.1425068e-01   8.2215550e-05
   6.2380760e-01   8.3895001e-05
   6.3336448e-01   8.7482234e-05
   6.4292133e-01   8.9754681e-05
   6.5247814e-01   1.0110187e-04
   6.6203492e-01   9.5575034e-05
   6.7159166e-01   1.0691802e-04
   6.8114836e-01   1.0321183e-04
   6.9070502e-01   1.0900251e-04
   7.0026165e-01   1.0845360e-04
   7.0981823e-01   1.1734512e-04
   7.1937478e-01   1.1991009e-04
   7.2893129e-01   1.1737760e-04
   7.3848776e-01   1.2931732e-04
   7.4804418e-01   1.2098029e-04
   7.5760057e-01   1.3235795e-04
   7.6715691e-01   1.2148065e-04
   7.7671321e-01   1.3490237e-04
   7.8626946e-01   1.2098183e-04
   7.9582568e-01   1.3312224e-04
   8.0538185e-01   1.2526618e-04
   8.1493797e-01   1.3918982e-04
   8.2449405e-01   1.2779190e-04
   8.3405008e-01   1.4120860e-04
   8.4360607e-01   1.3224635e-04
   8.5316201e-01   1.4415243e-04
   8.6271790e-01   1.4395501e-04
   8.7227374e-01   1.4823778e-04
   8.8182954e-01   1.4465702e-04
   8.9138528e-01   1.5240591e-04
   9.0094098e-01   1.4369076e-04
   9.1049663e-01   1.4895178e-04
   9.2005222e-01   1.4554261e-04
   9.2960777e-01   1.5154132e-04
   9.3916326e-01   1.4610719e-04
   9.4871870e-01   1.5198990e-04
   9.5827409e-01   1.4631478e-04
   9.6782942e-01   1.5039555e-04
   9.7738471e-01   1.4644322e-04
   9.8693993e-01   1.5147384e-04
   9.9649510e-01   1.4490096e-04
   1.0060502e+00   1.5158382e-04
   1.0156053e+00   1.4561582e-04
   1.0251603e+00   1.5473834e-04
   1.0347152e+00   1.4783297e-04
   1.0442701e+00   1.5379042e-04
   1.0538250e+00   1.5259786e-04
   1.0633797e+00   1.5204447e-04
   1.0729344e+00   1.5403352e-04
   1.0824891e+00   1.5320909e-04
   1.0920437e+00   1.5480182e-04
   1.1015982e+00   1.5662723e-04
   1.1111527e+00   1.5670107e-04
   1.1207071e+00   1.5578398e-04
   1.1302614e+00   1.5628381e-04
   1.1398157e+00   1.5869387e-04
   1.1493700e+00   1.6007973e-04
   1.1589241e+00   1.5844150e-04
   1.1684782e+00   1.5931198e-04
   1.1780322e+00   1.6183081e-04
   1.1875862e+00   1.6315357e-04
   1.1971401e+00   1.6252278e-04
   1.2066939e+00   1.6393954e-04
   1.2162477e+00   1.6458725e-04
   1.2258014e+00   1.6509610e-04
   1.2353550e+00   1.6685915e-04
   1.2449086e+00   1.6731229e-04
   1.2544620e+00   1.6945192e-04
   1.2640155e+00   1.7248836e-04
   1.2735688e+00   1.7008411e-04
   1.2831221e+00   1.7763144e-04
   1.2926753e+00   1.7383130e-04
   1.3022284e+00   1.7970373e-04
   1.3117815e+00   1.8028549e-04
   1.3213345e+00   1.8330141e-04
   1.3308874e+00   1.8234977e-04
   1.3404402e+00   1.8830198e-04
   1.3499930e+00   1.8507391e-04
   1.3595457e+00   1.8626112e-04
   1.3690983e+00   1.9573781e-04
   1.3786509e+00   1.9187393e-04
   1.3882033e+00   1.9885773e-04
   1.3977557e+00   1.9763830e-04
   1.4073080e+00   2.0309899e-04
   1.4168602e+00   2.0465659e-04
   1.4264124e+00   2.0875774e-04
   1.4359645e+00   2.1800503e-04
   1.4455165e+00   2.2760873e-04
   1.4550684e+00   2.3361372e-04
   1.4646202e+00   2.2056211e-04
   1.4741719e+00   2.2483853e-04
   1.4837236e+00   2.2510575e-04
   1.4932752e+00   2.3207238e-04
   1.5028267e+00   2.3178404e-04
   1.5123781e+00   2.3962578e-04
   1.5219295e+00   2.3861439e-04
   1.5314807e+00   2.4649297e-04
   1.5410319e+00   2.4481379e-04
   1.5505829e+00   2.5891644e-04
   1.5601339e+00   2.5291536e-04
   1.5696848e+00   2.6656312e-04
   1.5792357e+00   2.6019904e-04
   1.5887864e+00   2.7335370e-04
   1.5983370e+00   2.7443253e-04
   1.6078876e+00   2.8257159e-04
   1.6174380e+00   2.8807688e-04
   1.6269884e+00   3.0034891e-04
   1.6365387e+00   3.0923990e-04
   1.6460889e+00   3.1477327e-04
   1.6556390e+00   3.0837974e-04
   1.6651890e+00   3.1482879e-04
   1.6747389e+00   3.1626229e-04
   1.6842887e+00   3.2378795e-04
   1.6938385e+00   3.2584612e-04
   1.7033881e+00   3.3558413e-04
   1.7129376e+00   3.3790942e-04
   1.7224871e+00   3.4217980e-04
   1.7320364e+00   3.4537753e-04
   1.7415857e+00   3.5282393e-04
   1.7511348e+00   3.5625349e-04
   1.7606839e+00   3.6381258e-04
   1.7702329e+00   3.7075042e-04
   1.7797817e+00   3.7934260e-04
   1.7893305e+00   3.8300805e-04
   1.7988791e+00   3.9199970e-04
   1.8084277e+00   3.9515755e-04
   1.8179762e+00   4.0623036e-04
   1.8275245e+00   4.2233614e-04
   1.8370728e+00   4.4985330e-04
   1.8466209e+00   5.7626509e-04
   1.8561690e+00   2.4677697e-03
   1.8657169e+00   6.2764992e-03
   1.8752648e+00   4.2840670e-03
   1.8848125e+00   1.0286785e-03
   1.8943602e+00   6.0563817e-04
   1.9039077e+00   5.0322430e-04
   1.9134551e+00   4.4992088e-04
   1.9230025e+00   4.3379211e-04
   1.9325497e+00   4.2510713e-04
   1.9420968e+00   4.2257156e-04
   1.9516438e+00   4.1584035e-04
   1.9611907e+00   4.1195168e-04
   1.9707374e+00   4.0512905e-04
   1.9802841e+00   4.0562299e-04
   1.9898307e+00   3.9873084e-04
   1.9993771e+00   4.0428677e-04
   2.0089235e+00   3.9605979e-04
   2.0184697e+00   3.9928161e-04
   2.0280158e+00   3.8785494e-04
   2.0375618e+00   3.9655527e-04
   2.0471077e+00   3.8286514e-04
   2.0566535e+00   3.9377265e-04
   2.0661991e+00   3.8158315e-04
   2.0757447e+00   3.8774553e-04
   2.0852901e+00   3.7684413e-04
   2.0948354e+00   3.8417400e-04
   2.1043806e+00   3.6955662e-04
   2.1139257e+00   3.7894841e-04
   2.1234707e+00   3.6832207e-04
   2.1330155e+00   3.7656084e-04
   2.1425602e+00   3.6781963e-04
   2.1521049e+00   3.7156731e-04
   2.1616493e+00   3.6274714e-04
   2.1711937e+00   3.6826668e-04
   2.1807380e+00   3.6025190e-04
   2.1902821e+00   3.6509280e-04
   2.1998261e+00   3.5255117e-04
   2.2093700e+00   3.5764166e-04
   2.2189137e+00   3.5094531e-04
   2.2284574e+00   3.5598860e-04
   2.2380009e+00   3.4841289e-04
   2.2475443e+00   3.5071493e-04
   2.2570875e+00   3.4860890e-04
   2.2666307e+00   3.4962633e-04
   2.2761737e+00   3.4741581e-04
   2.2857166e+00   3.4678168e-04
   2.2952593e+00   3.4412639e-04
   2.3048019e+00   3.4349345e-04
   2.3143445e+00   3.4526199e-04
   2.3238868e+00   3.4558931e-04
   2.3334291e+00   3.4428031e-04
   2.3429712e+00   3.4523707e-04
   2.3525132e+00   3.5211506e-04
   2.3620550e+00   3.6838018e-04
   2.3715967e+00   3.7526538e-04
   2.3811383e+00   3.5904892e-04
   2.3906798e+00   3.5388301e-04
   2.4002211e+00   3.5807857e-04
   2.4097623e+00   3.5831215e-04
   2.4193034e+00   3.6731669e-04
   2.4288443e+00   3.7161343e-04
   2.4383851e+00   3.7827167e-04
   2.4479257e+00   3.7763015e-04
   2.4574663e+00   3.8403296e-04
   2.4670066e+00   3.8778778e-04
   2.4765469e+00   3.9527011e-04
   2.4860870e+00   4.0433449e-04
   2.4956270e+00   4.1188347e-04
   2.5051668e+00   4.2761094e-04
   2.5147065e+00   4.3816470e-04
   2.5242460e+00   4.5758853e-04
   2.5337854e+00   4.7693045e-04
   2.5433247e+00   4.9951143e-04
   2.5528638e+00   5.2733717e-04
   2.5624028e+00   5.7033677e-04
   2.5719417e+00   6.2402475e-04
   2.5814804e+00   7.0705978e-04
   2.5910189e+00   8.3115855e-04
   2.6005573e+00   1.0605657e-03
   2.6100956e+00   1.4922601e-03
   2.6196337e+00   3.7563241e-03
   2.6291717e+00   2.3599138e-02
   2.6387095e+00   6.6606125e-02
   2.6482472e+00   5.4224465e-02
   2.6577848e+00   1.1236604e-02
   2.6673222e+00   1.8782844e-03
   2.6768594e+00   1.1119924e-03
   2.6863965e+00   8.8864426e-04
   2.6959334e+00   7.3882479e-04
   2.7054702e+00   6.5470531e-04
   2.7150069e+00   5.9623947e-04
   2.7245434e+00   5.5192229e-04
   2.7340797e+00   5.2782240e-04
   2.7436159e+00   5.0064264e-04
   2.7531520e+00   4.8400807e-04
   2.7626878e+00   4.6936703e-04
   2.7722236e+00   4.6828515e-04
   2.7817592e+00   4.5302787e-04
   2.7912946e+00   4.3395291e-04
   2.8008298e+00   4.1693049e-04
   2.8103650e+00   4.1021343e-04
   2.8198999e+00   4.0168842e-04
   2.8294347e+00   3.9888120e-04
   2.8389694e+00   3.9016236e-04
   2.8485039e+00   3.8933192e-04
   2.8580382e+00   3.8182522e-04
   2.8675724e+00   3.8111504e-04
   2.8771064e+00   3.7612943e-04
   2.8866402e+00   3.7670863e-04
   2.8961739e+00   3.7137033e-04
   2.9057074e+00   3.7214796e-04
   2.9152408e+00   3.7076237e-04
   2.9247740e+00   3.6923145e-04
   2.9343071e+00   3.7089375e-04
   2.9438399e+00   3.7190710e-04
   2.9533727e+00   3.6779396e-04
   2.9629052e+00   3.6825042e-04
   2.9724376e+00   3.6673699e-04
   2.9819698e+00   3.6620028e-04
   2.9915019e+00   3.6566242e-04
   3.0010338e+00   3.6408512e-04
   3.0105655e+00   3.6285585e-04
   3.0200971e+00   3.6549137e-04
   3.0296285e+00   3.6548323e-04
   3.0391597e+00   3.6783546e-04
   3.0486908e+00   3.6855337e-04
   3.0582216e+00   3.7521696e-04
   3.0677524e+00   3.8379287e-04
   3.0772829e+00   3.8482620e-04
   3.0868133e+00   3.8962590e-04
   3.0963435e+00   4.0034759e-04
   3.1058735e+00   4.1350577e-04
   3.1154034e+00   4.2558837e-04
   3.1249331e+00   4.4411903e-04
   3.1344626e+00   4.6421777e-04
   3.1439919e+00   4.5318174e-04
   3.1535211e+00   4.2063359e-04
   3.1630501e+00   4.0694123e-04
   3.1725789e+00   4.1096826e-04
   3.1821075e+00   4.1981088e-04
   3.1916360e+00   4.4939138e-04
   3.2011643e+00   5.0515860e-04
   3.2106924e+00   7.6436501e-04
   3.2202203e+00   2.8639781e-03
   3.2297481e+00   7.7043627e-03
   3.2392757e+00   8.3293790e-03
   3.2488031e+00   3.2780508e-03
   3.2583303e+00   8.1835620e-04
   3.2678573e+00   4.9112077e-04
   3.2773842e+00   4.3759443e-04
   3.2869108e+00   4.1164428e-04
   3.2964373e+00   3.9140043e-04
   3.3059636e+00   3.7732732e-04
   3.3154897e+00   3.6745706e-04
   3.3250157e+00   3.5968457e-04
   3.3345414e+00   3.5520059e-04
   3.3440670e+00   3.4969779e-04
   3.3535924e+00   3.4720223e-04
   3.3631176e+00   3.3956865e-04
   3.3726426e+00   3.4180756e-04
   3.3821674e+00   3.3154512e-04
   3.3916921e+00   3.3336553e-04
   3.4012165e+00   3.2837460e-04
   3.4107408e+00   3.3180885e-04
   3.4202648e+00   3.2470368e-04
   3.4297887e+00   3.2607911e-04
   3.4393124e+00   3.2462376e-04
   3.4488359e+00   3.2733954e-04
   3.4583592e+00   3.2513411e-04
   3.4678823e+00   3.2698516e-04
   3.4774053e+00   3.2407747e-04
   3.4869280e+00   3.2824635e-04
   3.4964506e+00   3.2743868e-04
   3.5059729e+00   3.3276298e-04
   3.5154951e+00   3.3312657e-04
   3.5250170e+00   3.3609104e-04
   3.5345388e+00   3.3656884e-04
   3.5440603e+00   3.4188847e-04
   3.5535817e+00   3.4240038e-04
   3.5631029e+00   3.4770882e-04
   3.5726239e+00   3.6186894e-04
   3.5821446e+00   3.7824764e-04
   3.5916652e+00   3.9054810e-04
   3.6011856e+00   3.8361969e-04
   3.6107058e+00   3.7917582e-04
   3.6202258e+00   3.8101572e-04
   3.6297455e+00   3.8999188e-04
   3.6392651e+00   4.0129221e-04
   3.6487845e+00   4.1791345e-04
   3.6583037e+00   4.3499701e-04
   3.6678227e+00   4.5901589e-04
   3.6773414e+00   4.9439335e-04
   3.6868600e+00   5.4959263e-04
   3.6963784e+00   6.2794345e-04
   3.7058965e+00   8.7736822e-04
   3.7154145e+00   2.3374103e-03
   3.7249322e+00   9.2764293e-03
   3.7344498e+00   1.6892340e-02
   3.7439671e+00   1.3847987e-02
   3.7534842e+00   5.0109313e-03
   3.7630011e+00   1.1478063e-03
   3.7725179e+00   6.3900664e-04
   3.7820344e+00   5.4427756e-04
   3.7915507e+00   4.9743069e-04
   3.8010667e+00   4.6445519e-04
   3.8105826e+00   4.3918069e-04
   3.8200983e+00   4.2513670e-04
   3.8296137e+00   4.1190059e-04
   3.8391290e+00   4.0560633e-04
   3.8486440e+00   3.9607776e-04
   3.8581588e+00   3.9424729e-04
   3.8676734e+00   3.8580913e-04
   3.8771878e+00   3.8831902e-04
   3.8867020e+00   3.8168094e-04
   3.8962159e+00   3.8157314e-04
   3.9057297e+00   3.7647369e-04
   3.9152432e+00   3.7930671e-04
   3.9247565e+00   3.7432982e-04
   3.9342696e+00   3.7575661e-04
   3.9437825e+00   3.7509358e-04
   3.9532951e+00   3.7494709e-04
   3.9628075e+00   3.7304196e-04
   3.9723198e+00   3.7094858e-04
   3.9818318e+00   3.6735023e-04
   3.9913435e+00   3.6972823e-04
   4.0008551e+00   3.6760656e-04
   4.0103664e+00   3.7178898e-04
   4.0198775e+00   3.6590663e-04
   4.0293884e+00   3.6985719e-04
   4.0388991e+00   3.6749100e-04
   4.0484095e+00   3.7008464e-04
   4.0579198e+00   3.7045671e-04
   4.0674298e+00   3.7499890e-04
   4.0769395e+00   3.7736747e-04
   4.0864491e+00   3.8301096e-04
   4.0959584e+00   3.8421713e-04
   4.1054675e+00   3.8781431e-04
   4.1149764e+00   3.8751620e-04
   4.1244850e+00   3.9256460e-04
   4.1339934e+00   3.9910427e-04
   4.1435016e+00   4.2761614e-04
   4.1530096e+00   5.6407442e-04
   4.1625173e+00   1.2748917e-03
   4.1720248e+00   2.6655806e-03
   4.1815320e+00   3.0954790e-03
   4.1910391e+00   1.8300258e-03
   4.2005459e+00   7.6321537e-04
   4.2100525e+00   4.5179221e-04
   4.2195588e+00   4.0633597e-04
   4.2290649e+00   3.9583767e-04
   4.2385708e+00   3.8719745e-04
   4.2480764e+00   3.8132623e-04
   4.2575818e+00   3.7712953e-04
   4.2670870e+00   3.7585212e-04
   4.2765919e+00   3.7115567e-04
   4.2860966e+00   3.7251438e-04
   4.2956010e+00   3.6806929e-04
   4.3051053e+00   3.7544958e-04
   4.3146093e+00   3.7089204e-04
   4.3241130e+00   3.7946151e-04
   4.3336165e+00   3.7769427e-04
   4.3431198e+00   3.8694997e-04
   4.3526228e+00   3.8462772e-04
   4.3621256e+00   3.8961939e-04
   4.3716281e+00   3.8765082e-04
   4.3811304e+00   3.9825676e-04
   4.3906325e+00   3.9713075e-04
   4.4001343e+00   4.0774730e-04
   4.4096359e+00   4.1000692e-04
   4.4191372e+00   4.2173139e-04
   4.4286383e+00   4.2488611e-04
   4.4381391e+00   4.3876652e-04
   4.4476397e+00   4.4613899e-04
   4.4571401e+00   4.6140202e-04
   4.4666402e+00   4.7367804e-04
   4.4761401e+00   4.9828988e-04
   4.4856397e+00   5.2066390e-04
   4.4951391e+00   5.5709755e-04
   4.5046382e+00   5.8913526e-04
   4.5141370e+00   6.3918208e-04
   4.5236357e+00   6.9438643e-04
   4.5331340e+00   8.0902788e-04
   4.5426322e+00   1.0905632e-03
   4.5521300e+00   2.6909447e-03
   4.5616276e+00   8.0597174e-03
   4.5711250e+00   1.7161138e-02
   4.5806221e+00   1.8126259e-02
   4.5901190e+00   9.6297753e-03
   4.5996156e+00   3.1201016e-03
   4.6091120e+00   1.0924565e-03
   4.6186081e+00   7.6052406e-04
   4.6281039e+00   6.7247256e-04
   4.6375995e+00   6.2481657e-04
   4.6470948e+00   5.9025930e-04
   4.6565899e+00   5.6206393e-04
   4.6660847e+00   5.3935243e-04
   4.6755793e+00   5.2208722e-04
   4.6850736e+00   5.1115815e-04
   4.6945677e+00   4.9991883e-04
   4.7040614e+00   4.9086552e-04
   4.7135550e+00   4.8315835e-04
   4.7230482e+00   4.8440839e-04
   4.7325413e+00   4.7875065e-04
   4.7420340e+00   4.7337224e-04
   4.7515265e+00   4.7032745e-04
   4.7610187e+00   4.6298684e-04
   4.7705107e+00   4.5674814e-04
   4.7800024e+00   4.5414858e-04
   4.7894938e+00   4.5514721e-04
   4.7989850e+00   4.4975867e-04
   4.8084759e+00   4.4934325e-04
   4.8179665e+00   4.4719147e-04
   4.8274569e+00   4.4950381e-04
   4.8369470e+00   4.4459304e-04
   4.8464369e+00   4.4819165e-04
   4.8559265e+00   4.4761218e-04
   4.8654158e+00   4.4731328e-04
   4.8749048e+00   4.4808450e-04
   4.8843936e+00   4.5424749e-04
   4.8938821e+00   4.5785746e-04
   4.9033703e+00   4.6741773e-04
   4.9128583e+00   4.7160995e-04
   4.9223460e+00   4.7579193e-04
   4.9318334e+00   4.6373862e-04
   4.9413206e+00   4.6560414e-04
   4.9508075e+00   4.5782166e-04
   4.9602941e+00   4.6107780e-04
   4.9697804e+00   4.5668290e-04
   4.9792665e+00   4.6017172e-04
   4.9887522e+00   4.5868455e-04
   4.9982378e+00   4.6472165e-04
   5.0077230e+00   4.6177674e-04
   5.0172080e+00   4.6282928e-04
   5.0266926e+00   4.6368861e-04
   5.0361771e+00   4.6596888e-04
   5.0456612e+00   4.6771292e-04
   5.0551450e+00   4.7744317e-04
   5.0646286e+00   4.8729283e-04
   5.0741119e+00   4.9991181e-04
   5.0835949e+00   4.9617363e-04
   5.0930777e+00   4.9525667e-04
   5.1025601e+00   4.8424245e-04
   5.1120423e+00   4.8934758e-04
   5.1215242e+00   4.8935782e-04
   5.1310058e+00   4.9582877e-04
   5.1404871e+00   4.9742590e-04
   5.1499682e+00   5.0616157e-04
   5.1594490e+00   5.0863770e-04
   5.1689294e+00   5.1741871e-04
   5.1784096e+00   5.2447763e-04
   5.1878895e+00   5.4201100e-04
   5.1973692e+00   5.4564139e-04
   5.2068485e+00   5.6100163e-04
   5.2163276e+00   5.7796813e-04
   5.2258063e+00   6.0543306e-04
   5.2352848e+00   6.3856154e-04
   5.2447630e+00   7.4288334e-04
   5.2542409e+00   1.0842939e-03
   5.2637185e+00   2.4329506e-03
   5.2731958e+00   5.2507975e-03
   5.2826729e+00   7.8281249e-03
   5.2921496e+00   6.8785262e-03
   5.3016261e+00   3.7809958e-03
   5.3111022e+00   1.4808855e-03
   5.3205781e+00   7.8179778e-04
   5.3300537e+00   6.2919268e-04
   5.3395290e+00   5.9341419e-04
   5.3490040e+00   5.7475175e-04
   5.3584787e+00   5.5283585e-04
   5.3679531e+00   5.2882577e-04
   5.3774272e+00   5.0539971e-04
   5.3869010e+00   4.9204077e-04
   5.3963745e+00   4.7869799e-04
   5.4058477e+00   4.6915441e-04
   5.4153207e+00   4.6160258e-04
   5.4247933e+00   4.5743960e-04
   5.4342656e+00   4.4969373e-04
   5.4437376e+00   4.5043173e-04
   5.4532094e+00   4.4366182e-04
   5.4626808e+00   4.4357232e-04
   5.4721519e+00   4.3779035e-04
   5.4816228e+00   4.3908306e-04
   5.4910933e+00   4.3400333e-04
   5.5005635e+00   4.3620538e-04
   5.5100334e+00   4.3218397e-04
   5.5195031e+00   4.3428028e-04
   5.5289724e+00   4.3055116e-04
   5.5384414e+00   4.3618229e-04
   5.5479101e+00   4.3307127e-04
   5.5573785e+00   4.4689937e-04
   5.5668466e+00   4.6149762e-04
   5.5763144e+00   5.4176819e-04
   5.5857819e+00   7.6321692e-04
   5.5952491e+00   1.2623976e-03
   5.6047160e+00   1.5834907e-03
   5.6141825e+00   1.4182870e-03
   5.6236488e+00   9.5417513e-04
   5.6331148e+00   6.0726153e-04
   5.6425804e+00   4.8282790e-04
   5.6520457e+00   4.5527965e-04
   5.6615108e+00   4.4754978e-04
   5.6709755e+00   4.4725898e-04
   5.6804399e+00   4.4122104e-04
   5.6899040e+00   4.4500888e-04
   5.6993678e+00   4.4134023e-04
   5.7088312e+00   4.4693169e-04
   5.7182944e+00   4.4414517e-04
   5.7277572e+00   4.4858051e-04
   5.7372197e+00   4.4810927e-04
   5.7466819e+00   4.5160109e-04
   5.7561438e+00   4.5451634e-04
   5.7656054e+00   4.6182715e-04
   5.7750667e+00   4.6414854e-04
   5.7845276e+00   4.7176265e-04
   5.7939883e+00   4.7839721e-04
   5.8034486e+00   4.8942283e-04
   5.8129086e+00   4.9629848e-04
   5.8223682e+00   5.0881238e-04
   5.8318276e+00   5.1947220e-04
   5.8412866e+00   5.4229677e-04
   5.8507454e+00   5.6566186e-04
   5.8602038e+00   6.1456229e-04
   5.8696618e+00   7.2437728e-04
   5.8791196e+00   1.1135438e-03
   5.8885770e+00   2.2697623e-03
   5.8980341e+00   4.5262074e-03
   5.9074909e+00   6.2567984e-03
   5.9169474e+00   5.6228483e-03
   5.9264035e+00   3.2578976e-03
   5.9358593e+00   1.4848956e-03
   5.9453148e+00   7.8433295e-04
   5.9547700e+00   6.1398096e-04
   5.9642248e+00   5.6058914e-04
   5.9736793e+00   5.3671339e-04
   5.9831335e+00   5.1811962e-04
   5.9925874e+00   5.0342829e-04
   6.0020409e+00   4.9345671e-04
   6.0114941e+00   4.8706064e-04
   6.0209470e+00   4.8160479e-04
   6.0303995e+00   4.7465541e-04
   6.0398517e+00   4.7304768e-04
   6.0493036e+00   4.6964356e-04
   6.0587551e+00   4.7019677e-04
   6.0682063e+00   4.6554159e-04
   6.0776572e+00   4.6876740e-04
   6.0871078e+00   4.6732950e-04
   6.0965580e+00   4.7261268e-04
   6.1060079e+00   4.6931036e-04
   6.1154574e+00   4.7705715e-04
   6.1249066e+00   4.7649514e-04
   6.1343555e+00   4.8399595e-04
   6.1438041e+00   4.9067814e-04
   6.1532523e+00   5.0960657e-04
   6.1627002e+00   5.6243967e-04
   6.1721477e+00   7.5459457e-04
   6.1815949e+00   1.1941938e-03
   6.1910417e+00   1.7879998e-03
   6.2004883e+00   1.9862367e-03
   6.2099345e+00   1.6028385e-03
   6.2193803e+00   1.0324097e-03
   6.2288258e+00   6.7334922e-04
   6.2382710e+00   5.4580513e-04
   6.2477158e+00   5.1422665e-04
   6.2571603e+00   5.0096419e-04
   6.2666044e+00   4.9987371e-04
   6.2760482e+00   4.9345872e-04
   6.2854916e+00   4.9275708e-04
   6.2949347e+00   4.8535943e-04
   6.3043775e+00   4.8451425e-04
   6.3138199e+00   4.8259713e-04
   6.3232620e+00   4.8144547e-04
   6.3327037e+00   4.7956339e-04
   6.3421451e+00   4.8397094e-04
   6.3515862e+00   4.8217696e-04
   6.3610268e+00   4.8692470e-04
   6.3704672e+00   4.8487726e-04
   6.3799072e+00   4.9027654e-04
   6.3893468e+00   4.8909188e-04
   6.3987861e+00   4.9275344e-04
   6.4082251e+00   5.0093835e-04
   6.4176637e+00   5.0831061e-04
   6.4271019e+00   5.3060707e-04
   6.4365398e+00   5.8607833e-04
   6.4459773e+00   7.6877683e-04
   6.4554145e+00   1.2346304e-03
   6.4648514e+00   1.9227444e-03
   6.4742879e+00   2.2328453e-03
   6.4837240e+00   1.9264993e-03
   6.4931598e+00   1.2372447e-03
   6.5025952e+00   7.4176820e-04
   6.5120303e+00   5.5297988e-04
   6.5214650e+00   4.9261731e-04
   6.5308993e+00   4.7131005e-04
   6.5403333e+00   4.6281708e-04
   6.5497670e+00   4.5439532e-04
   6.5592003e+00   4.4850237e-04
   6.5686332e+00   4.4069886e-04
   6.5780658e+00   4.3693191e-04
   6.5874980e+00   4.3083828e-04
   6.5969298e+00   4.2725317e-04
   6.6063613e+00   4.2315024e-04
   6.6157925e+00   4.2133904e-04
   6.6252232e+00   4.1779318e-04
   6.6346537e+00   4.1581172e-04
   6.6440837e+00   4.1416226e-04
   6.6535134e+00   4.1499592e-04
   6.6629427e+00   4.1120326e-04
   6.6723717e+00   4.1413115e-04
   6.6818003e+00   4.1320799e-04
   6.6912285e+00   4.2100391e-04
   6.7006564e+00   4.3152067e-04
   6.7100839e+00   4.7871090e-04
   6.7195110e+00   5.7458834e-04
   6.7289378e+00   7.2310281e-04
   6.7383642e+00   8.2377623e-04
   6.7477902e+00   7.7508517e-04
   6.7572159e+00   6.3649083e-04
   6.7666412e+00   5.0944309e-04
   6.7760661e+00   4.4980206e-04
   6.7854907e+00   4.3622411e-04
   6.7949149e+00   4.3025711e-04
   6.8043387e+00   4.3618224e-04
   6.8137622e+00   4.3462470e-04
   6.8231853e+00   4.4198875e-04
   6.8326080e+00   4.4593595e-04
   6.8420303e+00   4.5438474e-04
   6.8514523e+00   4.5819838e-04
   6.8608739e+00   4.6865662e-04
   6.8702951e+00   4.7833327e-04
   6.8797159e+00   4.8680047e-04
   6.8891364e+00   5.0045780e-04
   6.8985565e+00   5.1419160e-04
   6.9079762e+00   5.2637924e-04
   6.9173956e+00   5.4427981e-04
   6.9268145e+00   5.6762246e-04
   6.9362331e+00   6.0391546e-04
   6.9456513e+00   6.6840717e-04
   6.9550692e+00   8.5071271e-04
   6.9644866e+00   1.4093056e-03
   6.9739037e+00   2.6025415e-03
   6.9833204e+00   4.3828687e-03
   6.9927367e+00   5.3897983e-03
   7.0021526e+00   4.7553498e-03
   7.0115682e+00   3.1322608e-03
   7.0209834e+00   1.5985839e-03
   7.0303982e+00   9.2079296e-04
   7.0398126e+00   6.7429645e-04
   7.0492266e+00   5.9219956e-04
   7.0586403e+00   5.6261474e-04
   7.0680535e+00   5.4510356e-04
   7.0774664e+00   5.2929550e-04
   7.0868789e+00   5.2029703e-04
   7.0962910e+00   5.0922257e-04
   7.1057027e+00   4.9789107e-04
   7.1151141e+00   4.9166906e-04
   7.1245250e+00   4.8174187e-04
   7.1339356e+00   4.7555008e-04
   7.1433457e+00   4.6957517e-04
   7.1527555e+00   4.6515810e-04
   7.1621649e+00   4.6250219e-04
   7.1715739e+00   4.6036731e-04
   7.1809825e+00   4.5954474e-04
   7.1903908e+00   4.5420486e-04
   7.1997986e+00   4.5071948e-04
   7.2092061e+00   4.4826531e-04
   7.2186131e+00   4.4763423e-04
   7.2280198e+00   4.4558560e-04
   7.2374260e+00   4.4418006e-04
   7.2468319e+00   4.4201234e-04
   7.2562374e+00   4.4488681e-04
   7.2656425e+00   4.4456212e-04
   7.2750472e+00   4.4105237e-04
   7.2844515e+00   4.4264529e-04
   7.2938554e+00   4.3782153e-04
   7.3032589e+00   4.3754423e-04
   7.3126620e+00   4.3215720e-04
   7.3220647e+00   4.3409683e-04
   7.3314671e+00   4.3377152e-04
   7.3408690e+00   4.3367509e-04
   7.3502705e+00   4.3363446e-04
   7.3596716e+00   4.3424259e-04
   7.3690723e+00   4.3577960e-04
   7.3784727e+00   4.3416067e-04
   7.3878726e+00   4.3347464e-04
   7.3972721e+00   4.3292280e-04
   7.4066712e+00   4.3365461e-04
   7.4160700e+00   4.3829442e-04
   7.4254683e+00   4.4121476e-04
   7.4348662e+00   4.6247646e-04
   7.4442637e+00   5.0702908e-04
   7.4536608e+00   6.2083016e-04
   7.4630575e+00   7.8260588e-04
   7.4724538e+00   9.4232166e-04
   7.4818497e+00   9.7532313e-04
   7.4912452e+00   8.3315807e-04
   7.5006403e+00   6.6159257e-04
   7.5100350e+00   5.1672553e-04
   7.5194292e+00   4.5348242e-04
   7.5288231e+00   4.3111537e-04
   7.5382166e+00   4.2101884e-04
   7.5476096e+00   4.1793771e-04
   7.5570022e+00   4.1690581e-04
   7.5663945e+00   4.1435713e-04
   7.5757863e+00   4.1151386e-04
   7.5851777e+00   4.1192962e-04
   7.5945687e+00   4.0923640e-04
   7.6039593e+00   4.0733132e-04
   7.6133495e+00   4.0986307e-04
   7.6227392e+00   4.0862676e-04
   7.6321286e+00   4.0776187e-04
   7.6415175e+00   4.0918054e-04
   7.6509060e+00   4.1194898e-04
   7.6602941e+00   4.1963399e-04
   7.6696818e+00   4.3873793e-04
   7.6790691e+00   4.9529349e-04
   7.6884560e+00   6.0097925e-04
   7.6978424e+00   7.4644437e-04
   7.7072285e+00   8.5704499e-04
   7.7166141e+00   8.3486924e-04
   7.7259993e+00   7.1000941e-04
   7.7353840e+00   5.7032481e-04
   7.7447684e+00   4.8336949e-04
   7.7541523e+00   4.4201485e-04
   7.7635359e+00   4.3288314e-04
   7.7729190e+00   4.2649008e-04
   7.7823016e+00   4.3070623e-04
   7.7916839e+00   4.3226141e-04
   7.8010657e+00   4.3422299e-04
   7.8104472e+00   4.3819985e-04
   7.8198282e+00   4.4539061e-04
   7.8292087e+00   4.4696712e-04
   7.8385889e+00   4.5310790e-04
   7.8479686e+00   4.5799177e-04
   7.8573479e+00   4.6658684e-04
   7.8667268e+00   4.7507076e-04
   7.8761052e+00   4.9531492e-04
   7.8854833e+00   5.3583003e-04
   7.8948609e+00   6.5704504e-04
   7.9042380e+00   8.7513148e-04
   7.9136148e+00   1.3662436e-03
   7.9229911e+00   1.8720978e-03
   7.9323670e+00   2.1782408e-03
   7.9417424e+00   2.0302104e-03
   7.9511175e+00   1.5051423e-03
   7.9604921e+00   1.0156069e-03
   7.9698663e+00   6.7443963e-04
   7.9792400e+00   5.3662395e-04
   7.9886133e+00   4.8614945e-04
   7.9979862e+00   4.6575453e-04
   8.0073586e+00   4.5689951e-04
   8.0167307e+00   4.5318926e-04
   8.0261022e+00   4.5022194e-04
   8.0354734e+00   4.4641672e-04
   8.0448441e+00   4.4383682e-04
   8.0542144e+00   4.3729722e-04
   8.0635842e+00   4.3686011e-04
   8.0729537e+00   4.3374476e-04
   8.0823226e+00   4.3484710e-04
   8.0916912e+00   4.3275132e-04
   8.1010593e+00   4.4016104e-04
   8.1104270e+00   4.5031562e-04
   8.1197942e+00   4.8831386e-04
   8.1291610e+00   5.6781248e-04
   8.1385273e+00   6.7534773e-04
   8.1478933e+00   7.5027036e-04
   8.1572587e+00   7.4888325e-04
   8.1666238e+00   6.7329215e-04
   8.1759884e+00   5.7455687e-04
   8.1853525e+00   4.9782179e-04
   8.1947162e+00   4.6192455e-04
   8.2040795e+00   4.4780474e-04
   8.2134423e+00   4.4302250e-04
   8.2228047e+00   4.4274875e-04
   8.2321667e+00   4.4287099e-04
   8.2415282e+00   4.4428523e-04
   8.2508892e+00   4.4561426e-04
   8.2602499e+00   4.4569900e-04
   8.2696100e+00   4.4890167e-04
   8.2789698e+00   4.5304661e-04
   8.2883290e+00   4.5857635e-04
   8.2976879e+00   4.6775651e-04
   8.3070462e+00   4.8214200e-04
   8.3164042e+00   5.1576777e-04
   8.3257617e+00   6.0065506e-04
   8.3351187e+00   7.9194658e-04
   8.3444753e+00   1.1116374e-03
   8.3538315e+00   1.4605295e-03
   8.3631871e+00   1.6101964e-03
   8.3725424e+00   1.4809344e-03
   8.3818972e+00   1.1557607e-03
   8.3912515e+00   8.1120741e-04
   8.4006054e+00   6.0616117e-04
   8.4099589e+00   4.9900014e-04
   8.4193118e+00   4.6542638e-04
   8.4286644e+00   4.5142137e-04
   8.4380165e+00   4.4082278e-04
   8.4473681e+00   4.3460459e-04
   8.4567193e+00   4.2991248e-04
   8.4660700e+00   4.2746371e-04
   8.4754202e+00   4.2522475e-04
   8.4847700e+00   4.2408101e-04
   8.4941194e+00   4.1977701e-04
   8.5034683e+00   4.2031555e-04
   8.5128167e+00   4.2113789e-04
   8.5221647e+00   4.2807348e-04
   8.5315122e+00   4.4118087e-04
   8.5408593e+00   4.8352462e-04
   8.5502059e+00   5.3469075e-04
   8.5595520e+00   6.0972091e-04
   8.5688977e+00   6.5243319e-04
   8.5782429e+00   6.4368356e-04
   8.5875877e+00   5.8180727e-04
   8.5969320e+00   5.0922898e-04
   8.6062758e+00   4.5601184e-04
   8.6156192e+00   4.3355196e-04
   8.6249621e+00   4.1905358e-04
   8.6343046e+00   4.1871981e-04
   8.6436466e+00   4.1480274e-04
   8.6529881e+00   4.1541638e-04
   8.6623292e+00   4.1838775e-04
   8.6716698e+00   4.1863808e-04
   8.6810099e+00   4.2074735e-04
   8.6903496e+00   4.2230356e-04
   8.6996888e+00   4.2643605e-04
   8.7090275e+00   4.3246634e-04
   8.7183657e+00   4.4435590e-04
   8.7277035e+00   4.7413834e-04
   8.7370409e+00   5.3795553e-04
   8.7463777e+00   6.6621967e-04
   8.7557141e+00   8.4747417e-04
   8.7650500e+00   9.9962924e-04
   8.7743855e+00   1.0500087e-03
   8.7837205e+00   9.5125982e-04
   8.7930550e+00   7.6885261e-04
   8.8023890e+00   6.0603219e-04
   8.8117226e+00   4.9870198e-04
   8.8210557e+00   4.5274566e-04
   8.8303883e+00   4.3226632e-04
   8.8397204e+00   4.2221739e-04
   8.8490521e+00   4.1647012e-04
   8.8583833e+00   4.1404549e-04
   8.8677140e+00   4.1190712e-04
   8.8770443e+00   4.1113756e-04
   8.8863740e+00   4.0914650e-04
   8.8957033e+00   4.0528720e-04
   8.9050322e+00   4.0538299e-04
   8.9143605e+00   4.0339981e-04
   8.9236884e+00   4.0305864e-04
   8.9330158e+00   4.0034625e-04
   8.9423427e+00   3.9723364e-04
   8.9516691e+00   3.9732360e-04
   8.9609951e+00   3.9731229e-04
   8.9703205e+00   3.9869243e-04
   8.9796455e+00   3.9810562e-04
   8.9889700e+00   3.9956509e-04
   8.9982941e+00   3.9958080e-04
   9.0076176e+00   4.0176999e-04
   9.0169407e+00   4.0241708e-04
   9.0262633e+00   4.0435797e-04
   9.0355854e+00   4.0627307e-04
   9.0449070e+00   4.0835421e-04
   9.0542281e+00   4.0850752e-04
   9.0635488e+00   4.1060283e-04
   9.0728689e+00   4.1422618e-04
   9.0821886e+00   4.1849640e-04
   9.0915078e+00   4.2316252e-04
   9.1008265e+00   4.3179396e-04
   9.1101447e+00   4.4862250e-04
   9.1194625e+00   4.8271597e-04
   9.1287797e+00   5.6218491e-04
   9.1380965e+00   6.9050172e-04
   9.1474127e+00   8.7451858e-04
   9.1567285e+00   1.0163911e-03
   9.1660438e+00   1.0516023e-03
   9.1753586e+00   9.4904983e-04
   9.1846729e+00   7.6989177e-04
   9.1939868e+00   6.1006863e-04
   9.2033001e+00   5.0034491e-04
   9.2126129e+00   4.5904927e-04
   9.2219253e+00   4.3447052e-04
   9.2312371e+00   4.2478706e-04
   9.2405485e+00   4.2107355e-04
   9.2498594e+00   4.1903736e-04
   9.2591697e+00   4.2064652e-04
   9.2684796e+00   4.1941379e-04
   9.2777890e+00   4.2083026e-04
   9.2870979e+00   4.2135773e-04
   9.2964063e+00   4.2092674e-04
   9.3057142e+00   4.2462916e-04
   9.3150216e+00   4.3203885e-04
   9.3243285e+00   4.4696535e-04
   9.3336349e+00   4.7479765e-04
   9.3429408e+00   4.9498837e-04
   9.3522462e+00   5.0979760e-04
   9.3615511e+00   5.0409327e-04
   9.3708555e+00   4.8650949e-04
   9.3801594e+00   4.6354496e-04
   9.3894629e+00   4.4966376e-04
   9.3987658e+00   4.4205114e-04
   9.4080682e+00   4.4216609e-04
   9.4173701e+00   4.4337267e-04
   9.4266715e+00   4.4677286e-04
   9.4359724e+00   4.5279979e-04
   9.4452728e+00   4.5688558e-04
   9.4545727e+00   4.6207060e-04
   9.4638721e+00   4.7334345e-04
   9.4731710e+00   4.8287856e-04
   9.4824694e+00   5.1104240e-04
   9.4917673e+00   5.5938693e-04
   9.5010646e+00   6.6510493e-04
   9.5103615e+00   8.6291936e-04
   9.5196579e+00   1.1389270e-03
   9.5289537e+00   1.3878851e-03
   9.5382491e+00   1.4856167e-03
   9.5475439e+00   1.3828731e-03
   9.5568382e+00   1.1278257e-03
   9.5661321e+00   8.5551323e-04
   9.5754254e+00   6.4824286e-04
   9.5847182e+00   5.3880278e-04
   9.5940105e+00   4.8765852e-04
   9.6033023e+00   4.6578509e-04
   9.6125935e+00   4.5391956e-04
   9.6218843e+00   4.4875781e-04
   9.6311745e+00   4.4151970e-04
   9.6404643e+00   4.3715155e-04
   9.6497535e+00   4.3301044e-04
   9.6590422e+00   4.3265614e-04
   9.6683304e+00   4.3361607e-04
   9.6776181e+00   4.3914573e-04
   9.6869053e+00   4.5499883e-04
   9.6961919e+00   4.8781672e-04
   9.7054781e+00   5.2601032e-04
   9.7147637e+00   5.5218745e-04
   9.7240488e+00   5.5517402e-04
   9.7333334e+00   5.3198703e-04
   9.7426174e+00   4.8734782e-04
   9.7519010e+00   4.5257601e-04
   9.7611840e+00   4.2561939e-04
   9.7704666e+00   4.1047341e-04
   9.7797486e+00   4.0163898e-04
   9.7890300e+00   3.9942632e-04
   9.7983110e+00   3.9481716e-04
   9.8075914e+00   3.9302007e-04
   9.8168713e+00   3.8918321e-04
   9.8261507e+00   3.8831122e-04
   9.8354296e+00   3.8460376e-04
   9.8447080e+00   3.8413903e-04
   9.8539858e+00   3.7968507e-04
   9.8632631e+00   3.8069085e-04
   9.8725399e+00   3.7906008e-04
   9.8818162e+00   3.7862063e-04
   9.8910919e+00   3.7757309e-04
   9.9003671e+00   3.7739380e-04
   9.9096418e+00   3.7414232e-04
   9.9189160e+00   3.7368373e-04
   9.9281896e+00   3.7347373e-04
   9.9374627e+00   3.7124205e-04
   9.9467353e+00   3.7143097e-04
   9.9560073e+00   3.7099061e-04
   9.9652789e+00   3.7049141e-04
   9.9745498e+00   3.7187153e-04
   9.9838203e+00   3.7155005e-04
   9.9930903e+00   3.7458800e-04
   1.0002360e+01   3.7346497e-04
   1.0011629e+01   3.7494913e-04
   1.0020897e+01   3.7788254e-04
   1.0030165e+01   3.8551210e-04
   1.0039432e+01   4.0177566e-04
   1.0048699e+01   4.2747959e-04
   1.0057965e+01   4.6017695e-04
   1.0067231e+01   4.8849593e-04
   1.0076496e+01   4.9880934e-04
   1.0085760e+01   4.8762471e-04
   1.0095025e+01   4.5941466e-04
   1.0104288e+01   4.2924598e-04
   1.0113551e+01   4.0561167e-04
   1.0122814e+01   3.9356708e-04
   1.0132076e+01   3.8686000e-04
   1.0141337e+01   3.8743805e-04
   1.0150598e+01   3.8468137e-04
   1.0159858e+01   3.8604920e-04
   1.0169118e+01   3.8891998e-04
   1.0178377e+01   3.9415369e-04
   1.0187636e+01   3.9979945e-04
   1.0196894e+01   4.1753086e-04
   1.0206152e+01   4.5167692e-04
   1.0215409e+01   5.1819145e-04
   1.0224665e+01   6.1140051e-04
   1.0233921e+01   7.0911075e-04
   1.0243177e+01   7.7120973e-04
   1.0252432e+01   7.6520207e-04
   1.0261686e+01   6.8723032e-04
   1.0270940e+01   5.9575134e-04
   1.0280193e+01   4.9281081e-04
   1.0289446e+01   4.3157751e-04
   1.0298698e+01   3.9242863e-04
   1.0307950e+01   3.7810710e-04
   1.0317201e+01   3.6958728e-04
   1.0326452e+01   3.6593020e-04
   1.0335702e+01   3.6050310e-04
   1.0344951e+01   3.5910186e-04
   1.0354200e+01   3.5626125e-04
   1.0363449e+01   3.5658122e-04
   1.0372697e+01   3.5504767e-04
   1.0381944e+01   3.5092159e-04
   1.0391191e+01   3.5020687e-04
   1.0400437e+01   3.4752739e-04
   1.0409683e+01   3.4822710e-04
   1.0418928e+01   3.4641185e-04
   1.0428172e+01   3.4831114e-04
   1.0437416e+01   3.4624250e-04
   1.0446660e+01   3.4783708e-04
   1.0455903e+01   3.4644269e-04
   1.0465145e+01   3.4725506e-04
   1.0474387e+01   3.4535546e-04
   1.0483628e+01   3.4614438e-04
   1.0492869e+01   3.4490747e-04
   1.0502109e+01   3.4738354e-04
   1.0511349e+01   3.4735108e-04
   1.0520588e+01   3.5006463e-04
   1.0529826e+01   3.5276919e-04
   1.0539064e+01   3.6305594e-04
   1.0548302e+01   3.7777162e-04
   1.0557538e+01   4.0294653e-04
   1.0566775e+01   4.2835329e-04
   1.0576010e+01   4.5227238e-04
   1.0585246e+01   4.5964069e-04
   1.0594480e+01   4.4921361e-04
   1.0603714e+01   4.2308129e-04
   1.0612948e+01   3.9374580e-04
   1.0622181e+01   3.7179480e-04
   1.0631413e+01   3.5902631e-04
   1.0640645e+01   3.5068874e-04
   1.0649876e+01   3.4947869e-04
   1.0659107e+01   3.4720798e-04
   1.0668337e+01   3.4878826e-04
   1.0677566e+01   3.4538045e-04
   1.0686795e+01   3.4628900e-04
   1.0696024e+01   3.4910178e-04
   1.0705252e+01   3.5414029e-04
   1.0714479e+01   3.6058155e-04
   1.0723706e+01   3.7257985e-04
   1.0732932e+01   3.8370350e-04
   1.0742158e+01   3.9437874e-04
   1.0751383e+01   3.9541732e-04
   1.0760607e+01   3.9218295e-04
   1.0769831e+01   3.8368564e-04
   1.0779054e+01   3.7332621e-04
   1.0788277e+01   3.6488742e-04
   1.0797499e+01   3.6186304e-04
   1.0806721e+01   3.5767736e-04
   1.0815942e+01   3.5884532e-04
   1.0825163e+01   3.6080514e-04
   1.0834383e+01   3.6322798e-04
   1.0843602e+01   3.6646057e-04
   1.0852821e+01   3.7717981e-04
   1.0862039e+01   3.9257542e-04
   1.0871257e+01   4.1875960e-04
   1.0880474e+01   4.6857191e-04
   1.0889690e+01   5.2794086e-04
   1.0898906e+01   5.8449168e-04
   1.0908122e+01   6.1416513e-04
   1.0917337e+01   6.0520588e-04
   1.0926551e+01   5.6111432e-04
   1.0935765e+01   4.9693771e-04
   1.0944978e+01   4.4057518e-04
   1.0954190e+01   4.0093086e-04
   1.0963402e+01   3.7891684e-04
   1.0972613e+01   3.7006800e-04
   1.0981824e+01   3.6588144e-04
   1.0991035e+01   3.6149458e-04
   1.1000244e+01   3.6376425e-04
   1.1009453e+01   3.6298304e-04
   1.1018662e+01   3.6436716e-04
   1.1027870e+01   3.7284023e-04
   1.1037077e+01   3.8752680e-04
   1.1046284e+01   4.0331794e-04
   1.1055490e+01   4.2239927e-04
   1.1064696e+01   4.3613000e-04
   1.1073901e+01   4.3827186e-04
   1.1083105e+01   4.3027866e-04
   1.1092309e+01   4.1352951e-04
   1.1101512e+01   3.9620667e-04
   1.1110715e+01   3.8117225e-04
   1.1119917e+01   3.7435958e-04
   1.1129118e+01   3.6970621e-04
   1.1138319e+01   3.7076576e-04
   1.1147520e+01   3.7115968e-04
   1.1156720e+01   3.7417521e-04
   1.1165919e+01   3.7939255e-04
   1.1175117e+01   3.8776057e-04
   1.1184315e+01   4.0357464e-04
   1.1193513e+01   4.3535595e-04
   1.1202710e+01   4.7335261e-04
   1.1211906e+01   5.1505181e-04
   1.1221102e+01   5.4070295e-04
   1.1230297e+01   5.4316577e-04
   1.1239491e+01   5.2071285e-04
   1.1248685e+01   4.8177538e-04
   1.1257879e+01   4.4155108e-04
   1.1267071e+01   4.1108980e-04
   1.1276263e+01   3.8911502e-04
   1.1285455e+01   3.7708254e-04
   1.1294646e+01   3.6994724e-04
   1.1303836e+01   3.7061132e-04
   1.1313026e+01   3.6751143e-04
   1.1322215e+01   3.6822283e-04
   1.1331404e+01   3.7005030e-04
   1.1340592e+01   3.6904525e-04
   1.1349780e+01   3.7209599e-04
   1.1358966e+01   3.7865607e-04
   1.1368153e+01   3.8199968e-04
   1.1377338e+01   3.8740715e-04
   1.1386523e+01   3.8646353e-04
   1.1395708e+01   3.8326370e-04
   1.1404892e+01   3.8081447e-04
   1.1414075e+01   3.7759292e-04
   1.1423258e+01   3.7358178e-04
   1.1432440e+01   3.7484085e-04
   1.1441621e+01   3.7318489e-04
   1.1450802e+01   3.7843201e-04
   1.1459982e+01   3.8045227e-04
   1.1469162e+01   3.8417278e-04
   1.1478341e+01   3.9400702e-04
   1.1487520e+01   4.1508786e-04
   1.1496698e+01   4.4668107e-04
   1.1505875e+01   4.9210115e-04
   1.1515052e+01   5.4741293e-04
   1.1524228e+01   5.9014249e-04
   1.1533403e+01   6.0622143e-04
   1.1542578e+01   5.9754289e-04
   1.1551752e+01   5.5791021e-04
   1.1560926e+01   5.0135208e-04
   1.1570099e+01   4.4882524e-04
   1.1579272e+01   4.0922324e-04
   1.1588444e+01   3.8690795e-04
   1.1597615e+01   3.7405427e-04
   1.1606786e+01   3.6790652e-04
   1.1615956e+01   3.6327338e-04
   1.1625125e+01   3.6096859e-04
   1.1634294e+01   3.5813427e-04
   1.1643462e+01   3.5635101e-04
   1.1652630e+01   3.5312673e-04
   1.1661797e+01   3.5129889e-04
   1.1670963e+01   3.5278731e-04
   1.1680129e+01   3.5008078e-04
   1.1689294e+01   3.5272925e-04
   1.1698459e+01   3.4964289e-04
   1.1707623e+01   3.4823715e-04
   1.1716786e+01   3.4622278e-04
   1.1725949e+01   3.4852652e-04
   1.1735111e+01   3.4625788e-04
   1.1744273e+01   3.4775927e-04
   1.1753434e+01   3.4685770e-04
   1.1762594e+01   3.5059691e-04
   1.1771754e+01   3.5308223e-04
   1.1780913e+01   3.5505640e-04
   1.1790072e+01   3.6521419e-04
   1.1799230e+01   3.7645331e-04
   1.1808387e+01   3.9199455e-04
   1.1817544e+01   4.1412582e-04
   1.1826700e+01   4.2748692e-04
   1.1835855e+01   4.2933114e-04
   1.1845010e+01   4.2414976e-04
   1.1854164e+01   4.0548082e-04
   1.1863318e+01   3.8672461e-04
   1.1872471e+01   3.7038264e-04
   1.1881623e+01   3.5768996e-04
   1.1890775e+01   3.4929546e-04
   1.1899926e+01   3.4593137e-04
   1.1909077e+01   3.4593931e-04
   1.1918227e+01   3.4514436e-04
   1.1927376e+01   3.4726833e-04
   1.1936525e+01   3.4826029e-04
   1.1945673e+01   3.5258835e-04
   1.1954820e+01   3.6094397e-04
   1.1963967e+01   3.7016047e-04
   1.1973113e+01   3.7547804e-04
   1.1982259e+01   3.7704310e-04
   1.1991404e+01   3.7823554e-04
   1.2000548e+01   3.7417810e-04
   1.2009692e+01   3.6315853e-04
   1.2018835e+01   3.5440823e-04
   1.2027977e+01   3.4938354e-04
   1.2037119e+01   3.4912067e-04
   1.2046260e+01   3.4537995e-04
   1.2055401e+01   3.4587538e-04
   1.2064541e+01   3.4886781e-04
   1.2073680e+01   3.5422294e-04
   1.2082819e+01   3.6487485e-04
   1.2091957e+01   3.8236929e-04
   1.2101094e+01   4.0197121e-04
   1.2110231e+01   4.2564641e-04
   1.2119367e+01   4.4338868e-04
   1.2128503e+01   4.4654817e-04
   1.2137638e+01   4.3606732e-04
   1.2146772e+01   4.2079367e-04
   1.2155906e+01   3.9536531e-04
   1.2165039e+01   3.7214441e-04
   1.2174172e+01   3.5377997e-04
   1.2183303e+01   3.4149538e-04
   1.2192435e+01   3.3517601e-04
   1.2201565e+01   3.3044661e-04
   1.2210695e+01   3.3271175e-04
   1.2219824e+01   3.3124990e-04
   1.2228953e+01   3.3007240e-04
   1.2238081e+01   3.3104213e-04
   1.2247208e+01   3.3554574e-04
   1.2256335e+01   3.3788923e-04
   1.2265461e+01   3.3814621e-04
   1.2274587e+01   3.3791639e-04
   1.2283712e+01   3.3958324e-04
   1.2292836e+01   3.3664335e-04
   1.2301960e+01   3.2891424e-04
   1.2311083e+01   3.2427273e-04
   1.2320205e+01   3.2341229e-04
   1.2329327e+01   3.2342250e-04
   1.2338448e+01   3.2480523e-04
   1.2347568e+01   3.2124589e-04
   1.2356688e+01   3.2563911e-04
   1.2365807e+01   3.3060938e-04
   1.2374925e+01   3.4063467e-04
   1.2384043e+01   3.5061681e-04
   1.2393161e+01   3.6253906e-04
   1.2402277e+01   3.7403786e-04
   1.2411393e+01   3.7454348e-04
   1.2420508e+01   3.7539736e-04
   1.2429623e+01   3.6644995e-04
   1.2438737e+01   3.5507847e-04
   1.2447851e+01   3.4241049e-04
   1.2456963e+01   3.2828317e-04
   1.2466075e+01   3.2000574e-04
   1.2475187e+01   3.1823800e-04
   1.2484298e+01   3.1957226e-04
   1.2493408e+01   3.1602304e-04
   1.2502517e+01   3.1377359e-04
   1.2511626e+01   3.1548250e-04
   1.2520735e+01   3.1728223e-04
   1.2529842e+01   3.1950005e-04
   1.2538949e+01   3.2720133e-04
   1.2548055e+01   3.2993346e-04
   1.2557161e+01   3.2773078e-04
   1.2566266e+01   3.2849697e-04
   1.2575370e+01   3.2619635e-04
   1.2584474e+01   3.2055976e-04
   1.2593577e+01   3.1632595e-04
   1.2602680e+01   3.1859186e-04
   1.2611782e+01   3.1594037e-04
   1.2620883e+01   3.1494973e-04
   1.2629983e+01   3.1825632e-04
   1.2639083e+01   3.2144100e-04
   1.2648182e+01   3.2847635e-04
   1.2657281e+01   3.3906816e-04
   1.2666379e+01   3.5248176e-04
   1.2675476e+01   3.6737318e-04
   1.2684572e+01   3.7918674e-04
   1.2693668e+01   3.8129881e-04
   1.2702764e+01   3.7651904e-04
   1.2711858e+01   3.6288485e-04
   1.2720952e+01   3.4890928e-04
   1.2730046e+01   3.3529739e-04
   1.2739138e+01   3.2110700e-04
   1.2748230e+01   3.1421571e-04
   1.2757322e+01   3.0936854e-04
   1.2766412e+01   3.0730217e-04
   1.2775502e+01   3.0167757e-04
   1.2784592e+01   3.0337008e-04
   1.2793681e+01   3.0184868e-04
   1.2802769e+01   3.0300022e-04
   1.2811856e+01   3.0274661e-04
   1.2820943e+01   3.0182559e-04
   1.2830029e+01   3.0148246e-04
   1.2839114e+01   3.0134560e-04
   1.2848199e+01   3.0502779e-04
   1.2857283e+01   3.0232745e-04
   1.2866367e+01   2.9982255e-04
   1.2875450e+01   3.0521754e-04
   1.2884532e+01   2.9966117e-04
   1.2893613e+01   3.0189704e-04
   1.2902694e+01   3.0362140e-04
   1.2911774e+01   3.0206638e-04
   1.2920854e+01   3.0193086e-04
   1.2929933e+01   3.0450944e-04
   1.2939011e+01   3.0853223e-04
   1.2948089e+01   3.1181778e-04
   1.2957165e+01   3.1420331e-04
   1.2966242e+01   3.1618499e-04
   1.2975317e+01   3.1720165e-04
   1.2984392e+01   3.1422962e-04
   1.2993466e+01   3.1016280e-04
   1.3002540e+01   3.0667368e-04
   1.3011613e+01   3.0799414e-04
   1.3020685e+01   3.0373074e-04
   1.3029757e+01   3.0472587e-04
   1.3038827e+01   3.0008515e-04
   1.3047898e+01   3.0185166e-04
   1.3056967e+01   3.0466494e-04
   1.3066036e+01   3.0679508e-04
   1.3075104e+01   3.1066151e-04
   1.3084172e+01   3.1169894e-04
   1.3093239e+01   3.1381839e-04
   1.3102305e+01   3.1459164e-04
   1.3111371e+01   3.1997768e-04
   1.3120435e+01   3.1908621e-04
   1.3129500e+01   3.1575537e-04
   1.3138563e+01   3.1897864e-04
   1.3147626e+01   3.1600685e-04
   1.3156688e+01   3.1422058e-04
   1.3165750e+01   3.1653395e-04
   1.3174811e+01   3.2543855e-04
   1.3183871e+01   3.2598977e-04
   1.3192930e+01   3.4622749e-04
   1.3201989e+01   3.6001510e-04
   1.3211047e+01   3.7504527e-04
   1.3220105e+01   3.8573407e-04
   1.3229162e+01   4.0097875e-04
   1.3238218e+01   4.0102585e-04
   1.3247273e+01   3.8931725e-04
   1.3256328e+01   3.7960232e-04
   1.3265382e+01   3.5947046e-04
   1.3274436e+01   3.4761243e-04
   1.3283488e+01   3.3289004e-04
   1.3292540e+01   3.2741534e-04
   1.3301592e+01   3.2187353e-04
   1.3310643e+01   3.1588621e-04
   1.3319693e+01   3.1782783e-04
   1.3328742e+01   3.1958971e-04
   1.3337791e+01   3.2120822e-04
   1.3346839e+01   3.2389405e-04
   1.3355886e+01   3.2401583e-04
   1.3364933e+01   3.2474797e-04
   1.3373979e+01   3.2524949e-04
   1.3383024e+01   3.2043789e-04
   1.3392069e+01   3.2174472e-04
   1.3401113e+01   3.1773231e-04
   1.3410156e+01   3.1673933e-04
   1.3419198e+01   3.1614404e-04
   1.3428240e+01   3.1836710e-04
   1.3437281e+01   3.1777117e-04
   1.3446322e+01   3.1825754e-04
   1.3455362e+01   3.2495493e-04
   1.3464401e+01   3.2558368e-04
   1.3473439e+01   3.3179227e-04
   1.3482477e+01   3.3493713e-04
   1.3491514e+01   3.4265828e-04
   1.3500551e+01   3.3860154e-04
   1.3509586e+01   3.3945367e-04
   1.3518622e+01   3.3354908e-04
   1.3527656e+01   3.3455537e-04
   1.3536690e+01   3.2512852e-04
   1.3545723e+01   3.1933898e-04
   1.3554755e+01   3.1368159e-04
   1.3563786e+01   3.1955109e-04
   1.3572817e+01   3.1300013e-04
   1.3581848e+01   3.1439108e-04
   1.3590877e+01   3.1622528e-04
   1.3599906e+01   3.1418541e-04
   1.3608934e+01   3.1955008e-04
   1.3617962e+01   3.2278788e-04
   1.3626988e+01   3.2346989e-04
   1.3636014e+01   3.2822270e-04
   1.3645040e+01   3.2903376e-04
   1.3654065e+01   3.2445195e-04
   1.3663089e+01   3.2064010e-04
   1.3672112e+01   3.2081930e-04
   1.3681135e+01   3.2451466e-04
   1.3690156e+01   3.2254597e-04
   1.3699178e+01   3.2370802e-04
   1.3708198e+01   3.3625198e-04
   1.3717218e+01   3.3391322e-04
   1.3726237e+01   3.5407089e-04
   1.3735256e+01   3.6850549e-04
   1.3744273e+01   3.7811056e-04
   1.3753291e+01   3.9390032e-04
   1.3762307e+01   3.7418695e-04
   1.3771323e+01   3.8340635e-04
   1.3780338e+01   3.7064131e-04
   1.3789352e+01   3.5543093e-04
   1.3798365e+01   3.4360176e-04
   1.3807378e+01   3.3569911e-04
   1.3816391e+01   3.2511913e-04
   1.3825402e+01   3.2280585e-04
   1.3834413e+01   3.2509701e-04
   1.3843423e+01   3.1733636e-04
   1.3852432e+01   3.2359283e-04
   1.3861441e+01   3.2085852e-04
   1.3870449e+01   3.3521033e-04
   1.3879456e+01   3.2150689e-04
   1.3888463e+01   3.2335833e-04
   1.3897469e+01   3.2644031e-04
   1.3906474e+01   3.2543518e-04
   1.3915478e+01   3.2900059e-04
   1.3924482e+01   3.2736384e-04
   1.3933485e+01   3.3671903e-04
   1.3942488e+01   3.2870427e-04
   1.3951489e+01   3.4321212e-04
   1.3960490e+01   3.3993319e-04
   1.3969491e+01   3.3541779e-04
   1.3978490e+01   3.6030060e-04
   1.3987489e+01   3.4361365e-04
   1.3996487e+01   3.6115341e-04
   1.4005485e+01   3.9146095e-04
   1.4014481e+01   3.6152673e-04
   1.4023477e+01   3.7527812e-04
   1.4032473e+01   3.5109434e-04
   1.4041467e+01   3.4897073e-04
