   4.2720509e-01   9.4991605e+01
   4.3286538e-01   9.2982158e+01
   4.3852566e-01   9.1002208e+01
   4.4418594e-01   8.9051419e+01
   4.4984623e-01   8.7129454e+01
   4.5550651e-01   8.5235980e+01
   4.6116680e-01   8.3370668e+01
   4.6682708e-01   8.1533192e+01
   4.7248737e-01   7.9723227e+01
   4.7814765e-01   7.7940453e+01
   4.8380794e-01   7.6184551e+01
   4.8946822e-01   7.4455206e+01
   4.9512850e-01   7.2752107e+01
   5.0078879e-01   7.1074943e+01
   5.0644907e-01   6.9423408e+01
   5.1210936e-01   6.7797197e+01
   5.1776964e-01   6.6196010e+01
   5.2342993e-01   6.4619547e+01
   5.2909021e-01   6.3067514e+01
   5.3475050e-01   6.1539617e+01
   5.4041078e-01   6.0035566e+01
   5.4607107e-01   5.8555072e+01
   5.5173135e-01   5.7097851e+01
   5.5739163e-01   5.5663621e+01
   5.6305192e-01   5.4252102e+01
   5.6871220e-01   5.2863015e+01
   5.7437249e-01   5.1496088e+01
   5.8003277e-01   5.0151047e+01
   5.8569306e-01   4.8827623e+01
   5.9135334e-01   4.7525549e+01
   5.9701363e-01   4.6244561e+01
   6.0267391e-01   4.4984396e+01
   6.0833420e-01   4.3744795e+01
   6.1399448e-01   4.2525501e+01
   6.1965476e-01   4.1326260e+01
   6.2531505e-01   4.0146818e+01
   6.3097533e-01   3.8986927e+01
   6.3663562e-01   3.7846339e+01
   6.4229590e-01   3.6724808e+01
   6.4795619e-01   3.5622093e+01
   6.5361647e-01   3.4537953e+01
   6.5927676e-01   3.3472150e+01
   6.6493704e-01   3.2424448e+01
   6.7059733e-01   3.1394614e+01
   6.7625761e-01   3.0382417e+01
   6.8191789e-01   2.9387627e+01
   6.8757818e-01   2.8410019e+01
   6.9323846e-01   2.7449369e+01
   6.9889875e-01   2.6505453e+01
   7.0455903e-01   2.5578052e+01
   7.1021932e-01   2.4666948e+01
   7.1587960e-01   2.3771926e+01
   7.2153989e-01   2.2892773e+01
   7.2720017e-01   2.2029276e+01
   7.3286046e-01   2.1181227e+01
   7.3852074e-01   2.0348419e+01
   7.4418102e-01   1.9530647e+01
   7.4984131e-01   1.8727708e+01
   7.5550159e-01   1.7939400e+01
   7.6116188e-01   1.7165526e+01
   7.6682216e-01   1.6405889e+01
   7.7248245e-01   1.5660294e+01
   7.7814273e-01   1.4928548e+01
   7.8380302e-01   1.4210460e+01
   7.8946330e-01   1.3505842e+01
   7.9512358e-01   1.2814507e+01
   8.0078387e-01   1.2136270e+01
   8.0644415e-01   1.1470949e+01
   8.1210444e-01   1.0818361e+01
   8.1776472e-01   1.0178328e+01
   8.2342501e-01   9.5506737e+00
   8.2908529e-01   8.9352214e+00
   8.3474558e-01   8.3317980e+00
   8.4040586e-01   7.7402320e+00
   8.4606615e-01   7.1603536e+00
   8.5172643e-01   6.5919946e+00
   8.5738671e-01   6.0349889e+00
   8.6304700e-01   5.4891722e+00
   8.6870728e-01   4.9543818e+00
   8.7436757e-01   4.4304567e+00
   8.8002785e-01   3.9172379e+00
   8.8568814e-01   3.4145680e+00
   8.9134842e-01   2.9222913e+00
   8.9700871e-01   2.4402538e+00
   9.0266899e-01   1.9683033e+00
   9.0832928e-01   1.5062891e+00
   9.1398956e-01   1.0540624e+00
   9.1964984e-01   6.1147582e-01
   9.2531013e-01   1.7838375e-01
   9.3097041e-01   0.0000000e+00
   9.3663070e-01   0.0000000e+00
   9.4229098e-01   0.0000000e+00
   9.4795127e-01   0.0000000e+00
   9.5361155e-01   0.0000000e+00
   9.5927184e-01   0.0000000e+00
   9.6493212e-01   0.0000000e+00
   9.7059241e-01   0.0000000e+00
   9.7625269e-01   0.0000000e+00
   9.8191297e-01   0.0000000e+00
   9.8757326e-01   0.0000000e+00
   9.9323354e-01   0.0000000e+00
   9.9889383e-01   0.0000000e+00
   1.0045541e+00   0.0000000e+00
   1.0102144e+00   0.0000000e+00
   1.0158747e+00   0.0000000e+00
   1.0215350e+00   0.0000000e+00
   1.0271953e+00   0.0000000e+00
   1.0328555e+00   0.0000000e+00
   1.0385158e+00   0.0000000e+00
   1.0441761e+00   0.0000000e+00
   1.0498364e+00   0.0000000e+00
   1.0554967e+00   0.0000000e+00
   1.0611570e+00   0.0000000e+00
   1.0668172e+00   0.0000000e+00
   1.0724775e+00   0.0000000e+00
   1.0781378e+00   0.0000000e+00
   1.0837981e+00   0.0000000e+00
   1.0894584e+00   0.0000000e+00
   1.0951187e+00   0.0000000e+00
   1.1007789e+00   0.0000000e+00
   1.1064392e+00   0.0000000e+00
   1.1120995e+00   0.0000000e+00
   1.1177598e+00   0.0000000e+00
   1.1234201e+00   0.0000000e+00
   1.1290804e+00   0.0000000e+00
   1.1347407e+00   0.0000000e+00
   1.1404009e+00   0.0000000e+00
   1.1460612e+00   0.0000000e+00
   1.1517215e+00   0.0000000e+00
   1.1573818e+00   0.0000000e+00
   1.1630421e+00   0.0000000e+00
   1.1687024e+00   0.0000000e+00
   1.1743626e+00   0.0000000e+00
   1.1800229e+00   0.0000000e+00
   1.1856832e+00   0.0000000e+00
   1.1913435e+00   0.0000000e+00
   1.1970038e+00   0.0000000e+00
   1.2026641e+00   0.0000000e+00
   1.2083244e+00   0.0000000e+00
   1.2139846e+00   0.0000000e+00
   1.2196449e+00   0.0000000e+00
   1.2253052e+00   0.0000000e+00
   1.2309655e+00   0.0000000e+00
   1.2366258e+00   0.0000000e+00
   1.2422861e+00   0.0000000e+00
   1.2479463e+00   0.0000000e+00
   1.2536066e+00   0.0000000e+00
   1.2592669e+00   0.0000000e+00
   1.2649272e+00   0.0000000e+00
   1.2705875e+00   0.0000000e+00
   1.2762478e+00   0.0000000e+00
   1.2819081e+00   0.0000000e+00
   1.2875683e+00   0.0000000e+00
   1.2932286e+00   0.0000000e+00
   1.2988889e+00   0.0000000e+00
   1.3045492e+00   0.0000000e+00
   1.3102095e+00   0.0000000e+00
   1.3158698e+00   0.0000000e+00
   1.3215300e+00   0.0000000e+00
   1.3271903e+00   0.0000000e+00
   1.3328506e+00   0.0000000e+00
   1.3385109e+00   0.0000000e+00
   1.3441712e+00   0.0000000e+00
   1.3498315e+00   0.0000000e+00
   1.3554918e+00   0.0000000e+00
   1.3611520e+00   0.0000000e+00
   1.3668123e+00   0.0000000e+00
   1.3724726e+00   0.0000000e+00
   1.3781329e+00   0.0000000e+00
   1.3837932e+00   0.0000000e+00
   1.3894535e+00   0.0000000e+00
   1.3951137e+00   0.0000000e+00
   1.4007740e+00   0.0000000e+00
   1.4064343e+00   0.0000000e+00
   1.4120946e+00   0.0000000e+00
   1.4177549e+00   0.0000000e+00
   1.4234152e+00   0.0000000e+00
   1.4290755e+00   0.0000000e+00
   1.4347357e+00   0.0000000e+00
   1.4403960e+00   0.0000000e+00
   1.4460563e+00   1.9860662e+00
   1.4517166e+00   3.5887905e+00
   1.4573769e+00   1.6254261e+00
   1.4630372e+00   2.4089163e+00
   1.4686974e+00   5.2256181e+00
   1.4743577e+00   5.9874222e+00
   1.4800180e+00   4.7394566e+00
   1.4856783e+00   5.5750949e+00
   1.4913386e+00   4.6510255e+00
   1.4969989e+00   5.0886975e+00
   1.5026592e+00   5.5765376e+00
   1.5083194e+00   5.7106903e+00
   1.5139797e+00   4.7811319e+00
   1.5196400e+00   4.9992681e+00
   1.5253003e+00   5.1435623e+00
   1.5309606e+00   6.0350426e+00
   1.5366209e+00   4.8657871e+00
   1.5422811e+00   4.9231749e+00
   1.5479414e+00   4.9087154e+00
   1.5536017e+00   5.2971442e+00
   1.5592620e+00   4.3558086e+00
   1.5649223e+00   3.6583976e+00
   1.5705826e+00   3.1457562e+00
   1.5762428e+00   2.9360023e+00
   1.5819031e+00   2.9192802e+00
   1.5875634e+00   3.2895155e+00
   1.5932237e+00   3.9089945e+00
   1.5988840e+00   3.3281447e+00
   1.6045443e+00   1.6470256e+00
   1.6102046e+00   5.0192715e-01
   1.6158648e+00   1.2517393e+00
   1.6215251e+00   2.1624289e+00
   1.6271854e+00   2.9221846e+00
   1.6328457e+00   2.1517219e+00
   1.6385060e+00   2.9218890e+00
   1.6441663e+00   2.0748665e+00
   1.6498265e+00   1.7064328e+00
   1.6554868e+00   2.0285601e+00
   1.6611471e+00   0.0000000e+00
   1.6668074e+00   6.8677926e-01
   1.6724677e+00   2.1938332e+00
   1.6781280e+00   1.7935355e+00
   1.6837883e+00   1.2140586e+00
   1.6894485e+00   1.3633803e+00
   1.6951088e+00   1.5122368e+00
   1.7007691e+00   0.0000000e+00
   1.7064294e+00   0.0000000e+00
   1.7120897e+00   1.6107600e+00
   1.7177500e+00   0.0000000e+00
   1.7234102e+00   0.0000000e+00
   1.7290705e+00   0.0000000e+00
   1.7347308e+00   2.9995067e-01
   1.7403911e+00   3.0847873e-01
   1.7460514e+00   6.0235273e-01
   1.7517117e+00   1.7175221e+00
   1.7573720e+00   7.8401795e-01
   1.7630322e+00   1.0539796e+00
   1.7686925e+00   2.1695319e-01
   1.7743528e+00   7.3172282e-01
   1.7800131e+00   1.2818895e+00
   1.7856734e+00   1.8211599e+00
   1.7913337e+00   1.1099234e+00
   1.7969939e+00   1.0556777e+00
   1.8026542e+00   1.8926954e+00
   1.8083145e+00   2.7803516e+00
   1.8139748e+00   2.0444144e+00
   1.8196351e+00   2.5190201e+00
   1.8252954e+00   1.8129778e+00
   1.8309557e+00   1.8919130e+00
   1.8366159e+00   2.3271453e+00
   1.8422762e+00   2.5527726e+00
   1.8479365e+00   2.7357998e+00
   1.8535968e+00   4.0510294e+00
   1.8592571e+00   3.1796344e+00
   1.8649174e+00   3.6170994e+00
   1.8705776e+00   3.9643345e+00
   1.8762379e+00   3.4852852e+00
   1.8818982e+00   3.5772235e+00
   1.8875585e+00   3.8960833e+00
   1.8932188e+00   3.9393892e+00
   1.8988791e+00   3.8126353e+00
   1.9045394e+00   4.9522010e+00
   1.9101996e+00   4.9765559e+00
   1.9158599e+00   4.7940738e+00
   1.9215202e+00   4.6078927e+00
   1.9271805e+00   4.2968441e+00
   1.9328408e+00   4.9856832e+00
   1.9385011e+00   5.7981286e+00
   1.9441613e+00   5.9628525e+00
   1.9498216e+00   7.4152689e+00
   1.9554819e+00   7.6363584e+00
   1.9611422e+00   7.8133780e+00
   1.9668025e+00   7.1246292e+00
   1.9724628e+00   7.5782358e+00
   1.9781231e+00   7.9397175e+00
   1.9837833e+00   8.2366715e+00
   1.9894436e+00   7.4572544e+00
   1.9951039e+00   8.0654499e+00
   2.0007642e+00   9.5218573e+00
   2.0064245e+00   9.2885226e+00
   2.0120848e+00   9.1729876e+00
   2.0177450e+00   9.2835220e+00
   2.0234053e+00   9.9539556e+00
   2.0290656e+00   1.1344336e+01
   2.0347259e+00   1.1158131e+01
   2.0403862e+00   9.9118696e+00
   2.0460465e+00   1.0444904e+01
   2.0517067e+00   1.0290418e+01
   2.0573670e+00   1.0202665e+01
   2.0630273e+00   1.1367798e+01
   2.0686876e+00   1.1614523e+01
   2.0743479e+00   1.1805927e+01
   2.0800082e+00   1.2300160e+01
   2.0856685e+00   1.0696953e+01
   2.0913287e+00   1.1090258e+01
   2.0969890e+00   1.1436355e+01
   2.1026493e+00   1.2619693e+01
   2.1083096e+00   1.3013443e+01
   2.1139699e+00   1.2641439e+01
   2.1196302e+00   1.2626541e+01
   2.1252904e+00   1.3819385e+01
   2.1309507e+00   1.4657185e+01
   2.1366110e+00   1.5104856e+01
   2.1422713e+00   1.5860772e+01
   2.1479316e+00   1.6075764e+01
   2.1535919e+00   1.8085749e+01
   2.1592522e+00   2.0751153e+01
   2.1649124e+00   2.4454431e+01
   2.1705727e+00   3.2500018e+01
   2.1762330e+00   5.1430320e+01
   2.1818933e+00   1.4000265e+02
   2.1875536e+00   4.0076287e+02
   2.1932139e+00   6.7386600e+02
   2.1988741e+00   6.4649135e+02
   2.2045344e+00   4.2781670e+02
   2.2101947e+00   1.4536444e+02
   2.2158550e+00   5.1458981e+01
   2.2215153e+00   3.1210874e+01
   2.2271756e+00   2.4143650e+01
   2.2328359e+00   2.0773624e+01
   2.2384961e+00   1.7129419e+01
   2.2441564e+00   1.4995056e+01
   2.2498167e+00   1.5035087e+01
   2.2554770e+00   1.3428337e+01
   2.2611373e+00   1.1714789e+01
   2.2667976e+00   9.0667511e+00
   2.2724578e+00   8.0837321e+00
   2.2781181e+00   7.6746333e+00
   2.2837784e+00   7.1786388e+00
   2.2894387e+00   7.2727580e+00
   2.2950990e+00   8.0194995e+00
   2.3007593e+00   7.1588744e+00
   2.3064196e+00   7.5634690e+00
   2.3120798e+00   7.1882819e+00
   2.3177401e+00   6.4649065e+00
   2.3234004e+00   6.1676991e+00
   2.3290607e+00   6.8101886e+00
   2.3347210e+00   6.4577993e+00
   2.3403813e+00   5.0494359e+00
   2.3460415e+00   4.7049731e+00
   2.3517018e+00   6.2288642e+00
   2.3573621e+00   5.7965372e+00
   2.3630224e+00   4.8567971e+00
   2.3686827e+00   4.7213828e+00
   2.3743430e+00   5.4844763e+00
   2.3800033e+00   6.4975154e+00
   2.3856635e+00   6.0611045e+00
   2.3913238e+00   5.9850131e+00
   2.3969841e+00   5.1090739e+00
   2.4026444e+00   5.0293581e+00
   2.4083047e+00   5.1007337e+00
   2.4139650e+00   5.1849762e+00
   2.4196252e+00   4.4623988e+00
   2.4252855e+00   3.9787467e+00
   2.4309458e+00   3.7988430e+00
   2.4366061e+00   3.3657119e+00
   2.4422664e+00   3.3917212e+00
   2.4479267e+00   3.6977878e+00
   2.4535870e+00   3.9983670e+00
   2.4592472e+00   3.8655903e+00
   2.4649075e+00   3.5352815e+00
   2.4705678e+00   4.2068613e+00
   2.4762281e+00   4.3578542e+00
   2.4818884e+00   4.0701794e+00
   2.4875487e+00   4.2903924e+00
   2.4932089e+00   4.6931655e+00
   2.4988692e+00   6.0538002e+00
   2.5045295e+00   7.3230576e+00
   2.5101898e+00   8.8042731e+00
   2.5158501e+00   1.3894763e+01
   2.5215104e+00   4.5249989e+01
   2.5271706e+00   1.6569202e+02
   2.5328309e+00   3.4557026e+02
   2.5384912e+00   3.7417704e+02
   2.5441515e+00   2.1387677e+02
   2.5498118e+00   5.6355619e+01
   2.5554721e+00   1.3844346e+01
   2.5611324e+00   8.4325175e+00
   2.5667926e+00   6.4366364e+00
   2.5724529e+00   5.1512901e+00
   2.5781132e+00   4.1523364e+00
   2.5837735e+00   3.7407058e+00
   2.5894338e+00   3.4149483e+00
   2.5950941e+00   3.5947141e+00
   2.6007543e+00   3.3594037e+00
   2.6064146e+00   2.6167996e+00
   2.6120749e+00   2.2220463e+00
   2.6177352e+00   1.7107028e+00
   2.6233955e+00   1.1561031e+00
   2.6290558e+00   1.7891573e+00
   2.6347161e+00   1.8338885e+00
   2.6403763e+00   1.3533140e+00
   2.6460366e+00   1.8320881e+00
   2.6516969e+00   1.5819280e+00
   2.6573572e+00   1.6385043e+00
   2.6630175e+00   1.3355713e+00
   2.6686778e+00   9.7141961e-01
   2.6743380e+00   6.5451826e-01
   2.6799983e+00   1.3406417e+00
   2.6856586e+00   1.6152416e+00
   2.6913189e+00   1.8008148e+00
   2.6969792e+00   1.2671978e+00
   2.7026395e+00   1.1617747e+00
   2.7082998e+00   1.5236213e+00
   2.7139600e+00   1.3856382e+00
   2.7196203e+00   1.3064489e+00
   2.7252806e+00   1.7748865e+00
   2.7309409e+00   1.8971325e+00
   2.7366012e+00   1.7773585e+00
   2.7422615e+00   1.7782826e+00
   2.7479217e+00   2.0672272e+00
   2.7535820e+00   1.3042116e+00
   2.7592423e+00   1.2360507e+00
   2.7649026e+00   1.6064796e+00
   2.7705629e+00   1.4610893e+00
   2.7762232e+00   1.6470543e+00
   2.7818835e+00   1.2699055e+00
   2.7875437e+00   1.2545082e+00
   2.7932040e+00   1.5715733e+00
   2.7988643e+00   1.6633942e+00
   2.8045246e+00   2.2227138e+00
   2.8101849e+00   2.3944074e+00
   2.8158452e+00   1.8114437e+00
   2.8215054e+00   1.5187690e+00
   2.8271657e+00   1.7695876e+00
   2.8328260e+00   1.8360407e+00
   2.8384863e+00   1.5338831e+00
   2.8441466e+00   1.4118609e+00
   2.8498069e+00   1.0949011e+00
   2.8554672e+00   1.2404132e+00
   2.8611274e+00   1.3019504e+00
   2.8667877e+00   1.5176364e+00
   2.8724480e+00   1.5096745e+00
   2.8781083e+00   1.2063743e+00
   2.8837686e+00   1.4192643e+00
   2.8894289e+00   1.9817011e+00
   2.8950891e+00   1.8400407e+00
   2.9007494e+00   1.3445354e+00
   2.9064097e+00   1.3145929e+00
   2.9120700e+00   1.7404517e+00
   2.9177303e+00   2.0283931e+00
   2.9233906e+00   1.9023440e+00
   2.9290509e+00   1.7107475e+00
   2.9347111e+00   1.7025931e+00
   2.9403714e+00   1.5308075e+00
   2.9460317e+00   1.3096157e+00
   2.9516920e+00   8.4802980e-01
   2.9573523e+00   9.9775218e-01
   2.9630126e+00   8.3745028e-01
   2.9686728e+00   8.3373093e-01
   2.9743331e+00   1.1841364e+00
   2.9799934e+00   1.5404692e+00
   2.9856537e+00   1.6508735e+00
   2.9913140e+00   1.1656507e+00
   2.9969743e+00   6.4066066e-01
   3.0026345e+00   1.0206046e+00
   3.0082948e+00   1.0781757e+00
   3.0139551e+00   8.4428943e-01
   3.0196154e+00   7.6733359e-01
   3.0252757e+00   4.4918792e-01
   3.0309360e+00   8.4903911e-01
   3.0365963e+00   9.9325811e-01
   3.0422565e+00   7.6807537e-01
   3.0479168e+00   8.7257507e-01
   3.0535771e+00   1.1808154e+00
   3.0592374e+00   3.5895446e-01
   3.0648977e+00   3.3276039e-01
   3.0705580e+00   7.4380482e-01
   3.0762182e+00   9.4043522e-01
   3.0818785e+00   9.5797025e-01
   3.0875388e+00   8.1292749e-01
   3.0931991e+00   1.2488359e+00
   3.0988594e+00   1.1943469e+00
   3.1045197e+00   9.4796052e-01
   3.1101800e+00   9.8850645e-01
   3.1158402e+00   8.7560360e-01
   3.1215005e+00   8.9696277e-01
   3.1271608e+00   1.0694120e+00
   3.1328211e+00   1.3610725e+00
   3.1384814e+00   1.7036506e+00
   3.1441417e+00   1.4039622e+00
   3.1498019e+00   9.1590500e-01
   3.1554622e+00   9.0865455e-01
   3.1611225e+00   1.1278101e+00
   3.1667828e+00   1.3924824e+00
   3.1724431e+00   1.4500901e+00
   3.1781034e+00   1.1412936e+00
   3.1837637e+00   1.0115461e+00
   3.1894239e+00   1.2515532e+00
   3.1950842e+00   1.7138165e+00
   3.2007445e+00   1.4726365e+00
   3.2064048e+00   1.0589390e+00
   3.2120651e+00   1.5963349e+00
   3.2177254e+00   2.2043140e+00
   3.2233856e+00   2.2283756e+00
   3.2290459e+00   2.2327730e+00
   3.2347062e+00   2.0796601e+00
   3.2403665e+00   1.6248790e+00
   3.2460268e+00   1.4050001e+00
   3.2516871e+00   1.9699754e+00
   3.2573474e+00   2.0333555e+00
   3.2630076e+00   1.3248650e+00
   3.2686679e+00   1.7405805e+00
   3.2743282e+00   2.1104275e+00
   3.2799885e+00   1.9971520e+00
   3.2856488e+00   2.4605105e+00
   3.2913091e+00   2.5151707e+00
   3.2969693e+00   2.2590637e+00
   3.3026296e+00   2.2897754e+00
   3.3082899e+00   2.4363464e+00
   3.3139502e+00   2.1254528e+00
   3.3196105e+00   2.4356311e+00
   3.3252708e+00   2.6518288e+00
   3.3309311e+00   2.3278856e+00
   3.3365913e+00   2.4267201e+00
   3.3422516e+00   2.7128496e+00
   3.3479119e+00   2.9336466e+00
   3.3535722e+00   3.1541106e+00
   3.3592325e+00   3.5739477e+00
   3.3648928e+00   3.6948163e+00
   3.3705530e+00   3.6924148e+00
   3.3762133e+00   3.6683451e+00
   3.3818736e+00   3.9540648e+00
   3.3875339e+00   3.9783343e+00
   3.3931942e+00   3.7579555e+00
   3.3988545e+00   4.2632900e+00
   3.4045148e+00   4.9862528e+00
   3.4101750e+00   5.1142408e+00
   3.4158353e+00   4.9841064e+00
   3.4214956e+00   4.7438831e+00
   3.4271559e+00   4.4353601e+00
   3.4328162e+00   4.3840676e+00
   3.4384765e+00   4.5943507e+00
   3.4441367e+00   4.7426379e+00
   3.4497970e+00   4.7145193e+00
   3.4554573e+00   4.9357411e+00
   3.4611176e+00   4.9923456e+00
   3.4667779e+00   5.3259764e+00
   3.4724382e+00   5.7439525e+00
   3.4780985e+00   5.7048011e+00
   3.4837587e+00   5.6640482e+00
   3.4894190e+00   5.6265214e+00
   3.4950793e+00   5.9839090e+00
   3.5007396e+00   6.0292433e+00
   3.5063999e+00   6.4394484e+00
   3.5120602e+00   6.5359100e+00
   3.5177204e+00   6.5961270e+00
   3.5233807e+00   7.2217217e+00
   3.5290410e+00   7.8498820e+00
   3.5347013e+00   8.1972632e+00
   3.5403616e+00   9.1419979e+00
   3.5460219e+00   1.0704056e+01
   3.5516821e+00   1.2323942e+01
   3.5573424e+00   1.5154593e+01
   3.5630027e+00   2.0886394e+01
   3.5686630e+00   4.2477625e+01
   3.5743233e+00   1.5017855e+02
   3.5799836e+00   3.8158619e+02
   3.5856439e+00   5.7189954e+02
   3.5913041e+00   5.4321494e+02
   3.5969644e+00   3.1999217e+02
   3.6026247e+00   1.1224583e+02
   3.6082850e+00   3.4041947e+01
   3.6139453e+00   1.9319755e+01
   3.6196056e+00   1.4163523e+01
   3.6252658e+00   1.1537451e+01
   3.6309261e+00   9.7364542e+00
   3.6365864e+00   8.3182207e+00
   3.6422467e+00   7.5607510e+00
   3.6479070e+00   6.8915143e+00
   3.6535673e+00   6.1647972e+00
   3.6592276e+00   5.9093741e+00
   3.6648878e+00   5.4300138e+00
   3.6705481e+00   5.1299912e+00
   3.6762084e+00   5.1206134e+00
   3.6818687e+00   4.9413411e+00
   3.6875290e+00   4.1899982e+00
   3.6931893e+00   3.6426434e+00
   3.6988495e+00   3.6739214e+00
   3.7045098e+00   3.8229471e+00
   3.7101701e+00   3.5980283e+00
   3.7158304e+00   3.1164126e+00
   3.7214907e+00   3.2414446e+00
   3.7271510e+00   3.3261940e+00
   3.7328113e+00   2.7881928e+00
   3.7384715e+00   2.6078274e+00
   3.7441318e+00   2.5505829e+00
   3.7497921e+00   2.2640153e+00
   3.7554524e+00   2.6265386e+00
   3.7611127e+00   2.3096346e+00
   3.7667730e+00   2.1245596e+00
   3.7724332e+00   1.9746721e+00
   3.7780935e+00   1.7431036e+00
   3.7837538e+00   2.1719097e+00
   3.7894141e+00   1.8251285e+00
   3.7950744e+00   2.0081468e+00
   3.8007347e+00   2.2715093e+00
   3.8063950e+00   2.5406897e+00
   3.8120552e+00   2.4236471e+00
   3.8177155e+00   1.6763881e+00
   3.8233758e+00   2.0016697e+00
   3.8290361e+00   1.9396840e+00
   3.8346964e+00   1.6619966e+00
   3.8403567e+00   1.7816585e+00
   3.8460169e+00   1.8340926e+00
   3.8516772e+00   1.7112648e+00
   3.8573375e+00   1.7389757e+00
   3.8629978e+00   1.3607319e+00
   3.8686581e+00   9.4072342e-01
   3.8743184e+00   1.2378567e+00
   3.8799787e+00   1.6528947e+00
   3.8856389e+00   1.5753109e+00
   3.8912992e+00   1.8061896e+00
   3.8969595e+00   1.6888191e+00
   3.9026198e+00   1.4425339e+00
   3.9082801e+00   1.1532403e+00
   3.9139404e+00   1.3135409e+00
   3.9196006e+00   1.4974997e+00
   3.9252609e+00   1.5973237e+00
   3.9309212e+00   1.7633834e+00
   3.9365815e+00   1.9190553e+00
   3.9422418e+00   2.0045885e+00
   3.9479021e+00   1.6500021e+00
   3.9535624e+00   1.5625352e+00
   3.9592226e+00   1.4394157e+00
   3.9648829e+00   1.5482327e+00
   3.9705432e+00   1.7549033e+00
   3.9762035e+00   1.5446521e+00
   3.9818638e+00   2.0977865e+00
   3.9875241e+00   1.6189250e+00
   3.9931843e+00   1.5941910e+00
   3.9988446e+00   1.7097883e+00
   4.0045049e+00   1.8041706e+00
   4.0101652e+00   1.7960743e+00
   4.0158255e+00   1.6023454e+00
   4.0214858e+00   1.9315050e+00
   4.0271460e+00   1.7228477e+00
   4.0328063e+00   1.8329634e+00
   4.0384666e+00   1.8512688e+00
   4.0441269e+00   1.9894282e+00
   4.0497872e+00   2.0566251e+00
   4.0554475e+00   2.1694326e+00
   4.0611078e+00   2.1611863e+00
   4.0667680e+00   1.8735580e+00
   4.0724283e+00   2.2298218e+00
   4.0780886e+00   2.5779370e+00
   4.0837489e+00   2.0827762e+00
   4.0894092e+00   2.2845013e+00
   4.0950695e+00   2.2659859e+00
   4.1007297e+00   2.3654863e+00
   4.1063900e+00   2.2217469e+00
   4.1120503e+00   2.7284200e+00
   4.1177106e+00   3.0853078e+00
   4.1233709e+00   3.1845276e+00
   4.1290312e+00   3.5497835e+00
   4.1346915e+00   3.7060134e+00
   4.1403517e+00   4.0729850e+00
   4.1460120e+00   4.6426886e+00
   4.1516723e+00   5.4150555e+00
   4.1573326e+00   5.9764767e+00
   4.1629929e+00   6.5884780e+00
   4.1686532e+00   8.3126911e+00
   4.1743134e+00   1.0125363e+01
   4.1799737e+00   1.4090923e+01
   4.1856340e+00   2.4083133e+01
   4.1912943e+00   8.3901176e+01
   4.1969546e+00   2.8883032e+02
   4.2026149e+00   5.0045331e+02
   4.2082752e+00   5.7089748e+02
   4.2139354e+00   4.2941461e+02
   4.2195957e+00   1.8946906e+02
   4.2252560e+00   5.4572592e+01
   4.2309163e+00   2.0274305e+01
   4.2365766e+00   1.3132464e+01
   4.2422369e+00   9.6665938e+00
   4.2478971e+00   7.7563905e+00
   4.2535574e+00   6.4815830e+00
   4.2592177e+00   5.6186794e+00
   4.2648780e+00   5.1094620e+00
   4.2705383e+00   4.7137007e+00
   4.2761986e+00   4.5073416e+00
   4.2818589e+00   4.1166986e+00
   4.2875191e+00   3.8964812e+00
   4.2931794e+00   3.6058813e+00
   4.2988397e+00   3.2425307e+00
   4.3045000e+00   2.9391494e+00
   4.3101603e+00   3.2503043e+00
   4.3158206e+00   3.4396966e+00
   4.3214808e+00   3.1584675e+00
   4.3271411e+00   3.0323408e+00
   4.3328014e+00   2.9173250e+00
   4.3384617e+00   2.5244353e+00
   4.3441220e+00   2.9300734e+00
   4.3497823e+00   3.3005235e+00
   4.3554426e+00   3.4848205e+00
   4.3611028e+00   3.6422087e+00
   4.3667631e+00   4.2532083e+00
   4.3724234e+00   6.7898162e+00
   4.3780837e+00   1.8570193e+01
   4.3837440e+00   6.8626508e+01
   4.3894043e+00   1.2702861e+02
   4.3950645e+00   1.5136950e+02
   4.4007248e+00   1.1568662e+02
   4.4063851e+00   5.0012288e+01
   4.4120454e+00   1.4570052e+01
   4.4177057e+00   5.3059358e+00
   4.4233660e+00   3.3319595e+00
   4.4290263e+00   2.8840602e+00
   4.4346865e+00   2.6738778e+00
   4.4403468e+00   2.2173860e+00
   4.4460071e+00   1.5200156e+00
   4.4516674e+00   1.7487340e+00
   4.4573277e+00   1.8818816e+00
   4.4629880e+00   1.6486017e+00
   4.4686482e+00   1.6229036e+00
   4.4743085e+00   1.3669493e+00
   4.4799688e+00   1.1239331e+00
   4.4856291e+00   9.6395127e-01
   4.4912894e+00   1.3319992e+00
   4.4969497e+00   1.2145876e+00
   4.5026099e+00   1.0629749e+00
   4.5082702e+00   9.0724898e-01
   4.5139305e+00   9.8636921e-01
   4.5195908e+00   9.1026863e-01
   4.5252511e+00   7.0286275e-01
   4.5309114e+00   9.1899605e-01
   4.5365717e+00   8.7534710e-01
   4.5422319e+00   7.8687968e-01
   4.5478922e+00   8.1616109e-01
   4.5535525e+00   6.8275877e-01
   4.5592128e+00   7.2411915e-01
   4.5648731e+00   6.8631773e-01
   4.5705334e+00   6.9625449e-01
   4.5761936e+00   4.7624490e-01
   4.5818539e+00   7.3191359e-01
   4.5875142e+00   7.3001683e-01
   4.5931745e+00   5.3523591e-01
   4.5988348e+00   5.9424334e-01
   4.6044951e+00   3.7611295e-01
   4.6101554e+00   4.8209042e-01
   4.6158156e+00   4.0378178e-01
   4.6214759e+00   4.9970674e-01
   4.6271362e+00   4.4225411e-01
   4.6327965e+00   4.4507992e-01
   4.6384568e+00   6.1279517e-01
   4.6441171e+00   3.6380363e-01
   4.6497773e+00   3.9265424e-01
   4.6554376e+00   4.8097939e-01
   4.6610979e+00   5.6257091e-01
   4.6667582e+00   7.0998989e-01
   4.6724185e+00   3.9074564e-01
   4.6780788e+00   1.2415641e-01
   4.6837391e+00   1.9984929e-01
   4.6893993e+00   6.4714879e-01
   4.6950596e+00   2.2117337e-01
   4.7007199e+00   2.7904788e-01
   4.7063802e+00   2.7434236e-01
   4.7120405e+00   3.9588337e-01
   4.7177008e+00   2.9349586e-01
   4.7233610e+00   2.2716437e-01
   4.7290213e+00   2.5626400e-01
   4.7346816e+00   9.2790858e-02
   4.7403419e+00   4.4722188e-02
   4.7460022e+00   1.3790535e-01
   4.7516625e+00   2.2663658e-01
   4.7573228e+00   1.0640175e-01
   4.7629830e+00   1.2400230e-01
   4.7686433e+00   1.5628643e-01
   4.7743036e+00   4.9743462e-01
   4.7799639e+00   3.1906261e-01
   4.7856242e+00   1.9257819e-01
   4.7912845e+00   1.5049308e-01
   4.7969447e+00   4.7331545e-01
   4.8026050e+00   1.7521790e-01
   4.8082653e+00   2.5706195e-01
   4.8139256e+00   2.7981815e-01
   4.8195859e+00   1.3111995e-01
   4.8252462e+00   2.5090931e-01
   4.8309065e+00   0.0000000e+00
   4.8365667e+00   0.0000000e+00
   4.8422270e+00   1.4179857e-01
   4.8478873e+00   2.8403434e-01
   4.8535476e+00   3.8567437e-01
   4.8592079e+00   2.9183550e-01
   4.8648682e+00   0.0000000e+00
   4.8705284e+00   0.0000000e+00
   4.8761887e+00   2.7088965e-01
   4.8818490e+00   3.1364493e-01
   4.8875093e+00   2.3078082e-01
   4.8931696e+00   5.3965082e-02
   4.8988299e+00   0.0000000e+00
   4.9044902e+00   0.0000000e+00
   4.9101504e+00   1.8381270e-01
   4.9158107e+00   1.5137601e-01
   4.9214710e+00   2.7667882e-01
   4.9271313e+00   4.6845489e-01
   4.9327916e+00   2.0515021e-01
   4.9384519e+00   2.7591923e-01
   4.9441121e+00   4.2614233e-01
   4.9497724e+00   1.9410556e-01
   4.9554327e+00   1.4139006e-01
   4.9610930e+00   6.2118644e-02
   4.9667533e+00   1.3964922e-02
   4.9724136e+00   1.8225100e-01
   4.9780738e+00   4.3796336e-02
   4.9837341e+00   3.0060558e-01
   4.9893944e+00   3.9804366e-01
   4.9950547e+00   3.2727230e-01
   5.0007150e+00   4.6600700e-01
   5.0063753e+00   5.2115788e-01
   5.0120356e+00   7.8205067e-01
   5.0176958e+00   7.1187195e-01
   5.0233561e+00   6.4998187e-01
   5.0290164e+00   9.3502473e-01
   5.0346767e+00   9.5311342e-01
   5.0403370e+00   1.5468340e+00
   5.0459973e+00   2.1538429e+00
   5.0516575e+00   4.4968322e+00
   5.0573178e+00   1.5421077e+01
   5.0629781e+00   5.9339850e+01
   5.0686384e+00   1.0998690e+02
   5.0742987e+00   1.3572481e+02
   5.0799590e+00   1.1400350e+02
   5.0856193e+00   5.7179906e+01
   5.0912795e+00   1.6961218e+01
   5.0969398e+00   5.2789691e+00
   5.1026001e+00   2.6928517e+00
   5.1082604e+00   1.6918973e+00
   5.1139207e+00   9.9123525e-01
   5.1195810e+00   6.4827627e-01
   5.1252412e+00   5.8890970e-01
   5.1309015e+00   6.0870012e-01
   5.1365618e+00   7.3033349e-01
   5.1422221e+00   4.9495492e-01
   5.1478824e+00   2.1537141e-01
   5.1535427e+00   4.8762648e-01
   5.1592030e+00   5.5687344e-01
   5.1648632e+00   6.1828054e-01
   5.1705235e+00   4.0714357e-01
   5.1761838e+00   2.5049508e-01
   5.1818441e+00   3.4786676e-01
   5.1875044e+00   0.0000000e+00
   5.1931647e+00   1.7108919e-01
   5.1988249e+00   1.9249551e-01
   5.2044852e+00   2.1162050e-01
   5.2101455e+00   3.0694233e-01
   5.2158058e+00   3.7958618e-01
   5.2214661e+00   1.5982524e-01
   5.2271264e+00   0.0000000e+00
   5.2327867e+00   3.2794755e-01
   5.2384469e+00   1.7830360e-01
   5.2441072e+00   1.8705677e-01
   5.2497675e+00   2.5933148e-01
   5.2554278e+00   2.7839548e-01
   5.2610881e+00   0.0000000e+00
   5.2667484e+00   1.0609112e-01
   5.2724086e+00   2.7795253e-01
   5.2780689e+00   0.0000000e+00
   5.2837292e+00   8.6424753e-02
   5.2893895e+00   5.6812716e-02
   5.2950498e+00   4.4430050e-01
   5.3007101e+00   3.6243474e-01
   5.3063704e+00   2.7511080e-01
   5.3120306e+00   5.1665135e-01
   5.3176909e+00   1.8483284e-02
   5.3233512e+00   2.0828865e-01
   5.3290115e+00   3.9125881e-02
   5.3346718e+00   2.6360057e-01
   5.3403321e+00   1.5733252e-01
   5.3459923e+00   5.7024820e-01
   5.3516526e+00   3.8575340e-01
   5.3573129e+00   2.5556403e-01
   5.3629732e+00   6.2107402e-01
   5.3686335e+00   3.8591911e-01
   5.3742938e+00   2.4949290e-01
   5.3799541e+00   5.4203897e-01
   5.3856143e+00   3.0729534e-01
   5.3912746e+00   7.1279372e-01
   5.3969349e+00   6.5719245e-01
   5.4025952e+00   5.8368532e-01
   5.4082555e+00   9.0765118e-01
   5.4139158e+00   4.9802981e-01
   5.4195760e+00   9.5875313e-01
   5.4252363e+00   9.0261018e-01
   5.4308966e+00   9.8223430e-01
   5.4365569e+00   1.0243484e+00
   5.4422172e+00   8.7874205e-01
   5.4478775e+00   1.2231327e+00
   5.4535377e+00   1.1812172e+00
   5.4591980e+00   1.2339922e+00
   5.4648583e+00   1.7642494e+00
   5.4705186e+00   1.9293087e+00
   5.4761789e+00   2.1941994e+00
   5.4818392e+00   2.7615403e+00
   5.4874995e+00   3.4868143e+00
   5.4931597e+00   3.8785750e+00
   5.4988200e+00   5.4923061e+00
   5.5044803e+00   8.6736146e+00
   5.5101406e+00   2.3463803e+01
   5.5158009e+00   9.4176271e+01
   5.5214612e+00   1.9792345e+02
   5.5271214e+00   2.7228996e+02
   5.5327817e+00   2.8062651e+02
   5.5384420e+00   1.9942057e+02
   5.5441023e+00   8.0097397e+01
   5.5497626e+00   2.2459895e+01
   5.5554229e+00   9.5163514e+00
   5.5610832e+00   6.5673474e+00
   5.5667434e+00   5.1490789e+00
   5.5724037e+00   3.5330976e+00
   5.5780640e+00   3.5198938e+00
   5.5837243e+00   3.0359856e+00
   5.5893846e+00   2.9255640e+00
   5.5950449e+00   2.8549197e+00
   5.6007051e+00   2.7377947e+00
   5.6063654e+00   2.5045212e+00
   5.6120257e+00   2.6383592e+00
   5.6176860e+00   2.8021399e+00
   5.6233463e+00   3.0832493e+00
   5.6290066e+00   3.5799076e+00
   5.6346669e+00   3.7794201e+00
   5.6403271e+00   4.1832925e+00
   5.6459874e+00   5.1800365e+00
   5.6516477e+00   1.0460497e+01
   5.6573080e+00   3.6667090e+01
   5.6629683e+00   1.0501892e+02
   5.6686286e+00   1.6950354e+02
   5.6742888e+00   1.9841811e+02
   5.6799491e+00   1.6109115e+02
   5.6856094e+00   8.6414106e+01
   5.6912697e+00   2.8227708e+01
   5.6969300e+00   9.0687277e+00
   5.7025903e+00   5.2443389e+00
   5.7082506e+00   3.5689824e+00
   5.7139108e+00   3.4980423e+00
   5.7195711e+00   3.0434633e+00
   5.7252314e+00   2.5021229e+00
   5.7308917e+00   2.4678062e+00
   5.7365520e+00   2.0954471e+00
   5.7422123e+00   2.0818698e+00
   5.7478725e+00   1.9098472e+00
   5.7535328e+00   1.8652263e+00
   5.7591931e+00   1.8745862e+00
   5.7648534e+00   1.5185627e+00
   5.7705137e+00   1.5197845e+00
   5.7761740e+00   1.3767498e+00
   5.7818343e+00   1.4305212e+00
   5.7874945e+00   1.5075291e+00
   5.7931548e+00   1.1495929e+00
   5.7988151e+00   1.4088202e+00
   5.8044754e+00   1.1486578e+00
   5.8101357e+00   1.4357140e+00
   5.8157960e+00   1.1319784e+00
   5.8214562e+00   1.0617012e+00
   5.8271165e+00   1.3044152e+00
   5.8327768e+00   1.0004875e+00
   5.8384371e+00   1.2073269e+00
   5.8440974e+00   7.9849550e-01
   5.8497577e+00   1.3041068e+00
   5.8554180e+00   1.1835857e+00
   5.8610782e+00   1.0946948e+00
   5.8667385e+00   1.1143220e+00
   5.8723988e+00   9.1907488e-01
   5.8780591e+00   6.6510196e-01
   5.8837194e+00   9.4406731e-01
   5.8893797e+00   6.3737492e-01
   5.8950399e+00   7.7537671e-01
   5.9007002e+00   9.2998946e-01
   5.9063605e+00   5.8993770e-01
   5.9120208e+00   6.5745891e-01
   5.9176811e+00   9.0922786e-01
   5.9233414e+00   6.7251646e-01
   5.9290016e+00   6.3271686e-01
   5.9346619e+00   1.2329769e+00
   5.9403222e+00   9.0463524e-01
   5.9459825e+00   8.8592686e-01
   5.9516428e+00   8.1383207e-01
   5.9573031e+00   7.9355561e-01
   5.9629634e+00   8.1783135e-01
   5.9686236e+00   8.3778230e-01
   5.9742839e+00   1.3592675e+00
   5.9799442e+00   7.0847927e-01
   5.9856045e+00   8.2613545e-01
   5.9912648e+00   8.8874765e-01
   5.9969251e+00   8.4698152e-01
   6.0025853e+00   7.0204709e-01
   6.0082456e+00   1.1068499e+00
   6.0139059e+00   1.2644917e+00
   6.0195662e+00   8.3500838e-01
   6.0252265e+00   8.6457096e-01
   6.0308868e+00   1.0519588e+00
   6.0365471e+00   8.7356959e-01
   6.0422073e+00   7.3587230e-01
   6.0478676e+00   5.7633914e-01
   6.0535279e+00   1.1158124e+00
   6.0591882e+00   8.3529285e-01
   6.0648485e+00   8.0044723e-01
   6.0705088e+00   9.1145435e-01
   6.0761690e+00   8.9113729e-01
   6.0818293e+00   9.9316982e-01
   6.0874896e+00   1.4828242e+00
   6.0931499e+00   1.2546771e+00
   6.0988102e+00   1.0187332e+00
   6.1044705e+00   1.1794772e+00
   6.1101308e+00   1.2772478e+00
   6.1157910e+00   1.2649379e+00
   6.1214513e+00   1.3851424e+00
   6.1271116e+00   1.2433958e+00
   6.1327719e+00   1.4073217e+00
   6.1384322e+00   1.5969273e+00
   6.1440925e+00   1.6439630e+00
   6.1497527e+00   2.2947584e+00
   6.1554130e+00   2.1609453e+00
   6.1610733e+00   2.4465103e+00
   6.1667336e+00   2.7529482e+00
   6.1723939e+00   3.2804610e+00
   6.1780542e+00   3.8012275e+00
   6.1837145e+00   4.8573296e+00
   6.1893747e+00   8.4406861e+00
   6.1950350e+00   2.3740533e+01
   6.2006953e+00   7.4666318e+01
   6.2063556e+00   1.6711615e+02
   6.2120159e+00   2.1942351e+02
   6.2176762e+00   2.3500446e+02
   6.2233364e+00   1.9709841e+02
   6.2289967e+00   1.0429926e+02
   6.2346570e+00   3.5158906e+01
   6.2403173e+00   1.0950383e+01
   6.2459776e+00   6.4410421e+00
   6.2516379e+00   4.6101679e+00
   6.2572982e+00   3.5982305e+00
   6.2629584e+00   3.3608249e+00
   6.2686187e+00   2.8064967e+00
   6.2742790e+00   2.1995573e+00
   6.2799393e+00   2.0165970e+00
   6.2855996e+00   2.2677578e+00
   6.2912599e+00   1.8578983e+00
   6.2969201e+00   2.0536870e+00
   6.3025804e+00   1.6829869e+00
   6.3082407e+00   1.8093435e+00
   6.3139010e+00   1.5229420e+00
   6.3195613e+00   1.2686204e+00
   6.3252216e+00   1.4550847e+00
   6.3308819e+00   8.8349323e-01
   6.3365421e+00   1.3397054e+00
   6.3422024e+00   9.9680102e-01
   6.3478627e+00   1.3175102e+00
   6.3535230e+00   1.2617228e+00
   6.3591833e+00   1.1255922e+00
   6.3648436e+00   1.2616205e+00
   6.3705038e+00   1.1604339e+00
   6.3761641e+00   7.9847461e-01
   6.3818244e+00   9.5035097e-01
   6.3874847e+00   1.0752132e+00
   6.3931450e+00   1.1987851e+00
   6.3988053e+00   1.0010143e+00
   6.4044656e+00   8.5334182e-01
   6.4101258e+00   9.8262221e-01
   6.4157861e+00   8.9590095e-01
   6.4214464e+00   1.1348793e+00
   6.4271067e+00   8.8304518e-01
   6.4327670e+00   9.8199787e-01
   6.4384273e+00   8.3488589e-01
   6.4440875e+00   7.5663095e-01
   6.4497478e+00   7.6040410e-01
   6.4554081e+00   7.4454865e-01
   6.4610684e+00   1.1805249e+00
   6.4667287e+00   1.0217900e+00
   6.4723890e+00   9.4309694e-01
   6.4780492e+00   1.0660010e+00
   6.4837095e+00   9.7156840e-01
   6.4893698e+00   1.0591974e+00
   6.4950301e+00   1.0608378e+00
   6.5006904e+00   1.2135794e+00
   6.5063507e+00   1.0831710e+00
   6.5120110e+00   1.2599754e+00
   6.5176712e+00   1.4976583e+00
   6.5233315e+00   1.2264289e+00
   6.5289918e+00   1.2803094e+00
   6.5346521e+00   1.4398131e+00
   6.5403124e+00   2.0399783e+00
   6.5459727e+00   2.3349274e+00
   6.5516329e+00   2.6928162e+00
   6.5572932e+00   3.6806453e+00
   6.5629535e+00   4.5822098e+00
   6.5686138e+00   9.5906531e+00
   6.5742741e+00   3.1565002e+01
   6.5799344e+00   8.8473914e+01
   6.5855947e+00   1.5421060e+02
   6.5912549e+00   1.9378366e+02
   6.5969152e+00   1.8784155e+02
   6.6025755e+00   1.4835678e+02
   6.6082358e+00   7.5218891e+01
   6.6138961e+00   2.3865526e+01
   6.6195564e+00   8.2672404e+00
   6.6252166e+00   4.6101012e+00
   6.6308769e+00   2.9151453e+00
   6.6365372e+00   2.7237562e+00
   6.6421975e+00   2.2696097e+00
   6.6478578e+00   2.0874438e+00
   6.6535181e+00   1.8669649e+00
   6.6591784e+00   1.4891262e+00
   6.6648386e+00   1.4373491e+00
   6.6704989e+00   1.1824056e+00
   6.6761592e+00   1.0114188e+00
   6.6818195e+00   7.2309312e-01
   6.6874798e+00   8.9464081e-01
   6.6931401e+00   8.6121733e-01
   6.6988003e+00   6.7889868e-01
   6.7044606e+00   6.7867130e-01
   6.7101209e+00   3.3960787e-01
   6.7157812e+00   5.4044814e-01
   6.7214415e+00   2.5215573e-01
   6.7271018e+00   2.3946110e-01
   6.7327621e+00   4.0758332e-01
   6.7384223e+00   3.6622555e-01
   6.7440826e+00   3.8451931e-01
   6.7497429e+00   3.0418095e-01
   6.7554032e+00   2.9479802e-01
   6.7610635e+00   2.9064172e-01
   6.7667238e+00   3.2988640e-03
   6.7723840e+00   4.8804624e-01
   6.7780443e+00   1.3422498e-01
   6.7837046e+00   1.4433857e-01
   6.7893649e+00   3.1546889e-01
   6.7950252e+00   1.2402087e-01
   6.8006855e+00   2.6341312e-01
   6.8063458e+00   2.2614728e-01
   6.8120060e+00   1.8594401e-01
   6.8176663e+00   1.9632300e-01
   6.8233266e+00   3.1701755e-01
   6.8289869e+00   2.1402726e-01
   6.8346472e+00   3.3541088e-03
   6.8403075e+00   4.0712387e-01
   6.8459677e+00   0.0000000e+00
   6.8516280e+00   2.6848603e-01
   6.8572883e+00   5.5576251e-01
   6.8629486e+00   4.9111037e-02
   6.8686089e+00   2.4814909e-01
   6.8742692e+00   9.8900539e-02
   6.8799295e+00   2.2520021e-01
   6.8855897e+00   5.2084425e-02
   6.8912500e+00   0.0000000e+00
   6.8969103e+00   0.0000000e+00
   6.9025706e+00   1.8323433e-02
   6.9082309e+00   0.0000000e+00
   6.9138912e+00   0.0000000e+00
   6.9195514e+00   1.4462690e-01
   6.9252117e+00   1.3762083e-01
   6.9308720e+00   0.0000000e+00
   6.9365323e+00   0.0000000e+00
   6.9421926e+00   0.0000000e+00
   6.9478529e+00   1.0612406e-01
   6.9535131e+00   0.0000000e+00
   6.9591734e+00   0.0000000e+00
   6.9648337e+00   0.0000000e+00
   6.9704940e+00   0.0000000e+00
   6.9761543e+00   2.4038232e-01
   6.9818146e+00   7.6272743e-02
   6.9874749e+00   3.1006064e-01
   6.9931351e+00   2.1777037e-03
   6.9987954e+00   1.2495806e-01
   7.0044557e+00   9.4536891e-02
   7.0101160e+00   6.3066404e-02
   7.0157763e+00   2.9698448e-01
   7.0214366e+00   1.8085792e-01
   7.0270968e+00   2.7402591e-01
   7.0327571e+00   2.5909847e-01
   7.0384174e+00   0.0000000e+00
   7.0440777e+00   1.6375593e-01
   7.0497380e+00   3.2595126e-03
   7.0553983e+00   0.0000000e+00
   7.0610586e+00   4.0539981e-04
   7.0667188e+00   0.0000000e+00
   7.0723791e+00   4.3788509e-02
   7.0780394e+00   0.0000000e+00
   7.0836997e+00   1.5801010e-01
   7.0893600e+00   2.1549918e-01
   7.0950203e+00   1.0699219e-01
   7.1006805e+00   3.5356154e-01
   7.1063408e+00   2.1515454e-01
   7.1120011e+00   3.2742550e-01
   7.1176614e+00   4.7535933e-02
   7.1233217e+00   3.2386629e-01
   7.1289820e+00   7.3575221e-01
   7.1346423e+00   8.2670606e-01
   7.1403025e+00   1.0030033e+00
   7.1459628e+00   1.3272822e+00
   7.1516231e+00   2.6581153e+00
   7.1572834e+00   9.1683616e+00
   7.1629437e+00   2.5533013e+01
   7.1686040e+00   4.6708305e+01
   7.1742642e+00   6.0689770e+01
   7.1799245e+00   6.5650398e+01
   7.1855848e+00   5.8719525e+01
   7.1912451e+00   4.3100224e+01
   7.1969054e+00   1.8663106e+01
   7.2025657e+00   7.1548281e+00
   7.2082260e+00   2.3122941e+00
   7.2138862e+00   1.4055252e+00
   7.2195465e+00   9.2610507e-01
   7.2252068e+00   8.9223206e-01
   7.2308671e+00   7.8450150e-01
   7.2365274e+00   3.7740692e-01
   7.2421877e+00   4.5171104e-01
   7.2478479e+00   4.7948490e-01
   7.2535082e+00   2.9686342e-01
   7.2591685e+00   3.7830540e-01
   7.2648288e+00   2.8198785e-01
   7.2704891e+00   2.2135630e-01
   7.2761494e+00   4.1822089e-01
   7.2818097e+00   2.3486505e-01
   7.2874699e+00   1.9923368e-01
   7.2931302e+00   7.8968658e-02
   7.2987905e+00   2.8720182e-01
   7.3044508e+00   4.3641473e-01
   7.3101111e+00   3.9955120e-01
   7.3157714e+00   4.8897482e-01
   7.3214316e+00   2.4354839e-01
   7.3270919e+00   2.2675288e-01
   7.3327522e+00   4.3439529e-01
   7.3384125e+00   3.8072177e-01
   7.3440728e+00   2.7949581e-01
   7.3497331e+00   2.8851956e-01
   7.3553934e+00   5.2696116e-01
   7.3610536e+00   5.7327717e-01
   7.3667139e+00   4.4411640e-01
   7.3723742e+00   4.2760585e-01
   7.3780345e+00   5.3610688e-01
   7.3836948e+00   4.3587324e-01
   7.3893551e+00   5.7169308e-01
   7.3950153e+00   4.9379994e-01
   7.4006756e+00   4.5692407e-01
   7.4063359e+00   7.3735216e-01
   7.4119962e+00   7.7429102e-01
   7.4176565e+00   6.0501282e-01
   7.4233168e+00   7.5158434e-01
   7.4289770e+00   8.5930203e-01
   7.4346373e+00   1.0062039e+00
   7.4402976e+00   1.2581580e+00
   7.4459579e+00   1.3961390e+00
   7.4516182e+00   1.6394009e+00
   7.4572785e+00   1.9872569e+00
   7.4629388e+00   2.3905565e+00
   7.4685990e+00   2.7497565e+00
   7.4742593e+00   3.7214458e+00
   7.4799196e+00   7.0484380e+00
   7.4855799e+00   2.0304246e+01
   7.4912402e+00   5.7946741e+01
   7.4969005e+00   1.1532044e+02
   7.5025607e+00   1.6073404e+02
   7.5082210e+00   1.7276335e+02
   7.5138813e+00   1.6956086e+02
   7.5195416e+00   1.3093877e+02
   7.5252019e+00   7.0860243e+01
   7.5308622e+00   2.7054192e+01
   7.5365225e+00   9.2971050e+00
   7.5421827e+00   5.0765941e+00
   7.5478430e+00   3.8410768e+00
   7.5535033e+00   2.9663741e+00
   7.5591636e+00   2.5605391e+00
   7.5648239e+00   2.3503881e+00
   7.5704842e+00   2.4674300e+00
   7.5761444e+00   2.6949544e+00
   7.5818047e+00   3.1620279e+00
   7.5874650e+00   4.5179443e+00
   7.5931253e+00   1.1696939e+01
   7.5987856e+00   2.9656169e+01
   7.6044459e+00   5.2634002e+01
   7.6101062e+00   7.1703580e+01
   7.6157664e+00   8.0937081e+01
   7.6214267e+00   7.5277504e+01
   7.6270870e+00   5.5782489e+01
   7.6327473e+00   3.0536126e+01
   7.6384076e+00   1.0502823e+01
   7.6440679e+00   4.4463176e+00
   7.6497281e+00   3.1052547e+00
   7.6553884e+00   2.3761194e+00
   7.6610487e+00   1.9938054e+00
   7.6667090e+00   1.6529264e+00
   7.6723693e+00   1.4725049e+00
   7.6780296e+00   1.4385213e+00
   7.6836899e+00   1.2549405e+00
   7.6893501e+00   1.2989702e+00
   7.6950104e+00   1.3233188e+00
   7.7006707e+00   1.0706127e+00
   7.7063310e+00   1.2108803e+00
   7.7119913e+00   1.1785196e+00
   7.7176516e+00   1.1142837e+00
   7.7233118e+00   1.2720743e+00
   7.7289721e+00   1.2772398e+00
   7.7346324e+00   1.2645631e+00
   7.7402927e+00   7.2924202e-01
   7.7459530e+00   8.3113837e-01
   7.7516133e+00   9.3676371e-01
   7.7572736e+00   1.1802478e+00
   7.7629338e+00   1.0548877e+00
   7.7685941e+00   1.0062579e+00
   7.7742544e+00   1.0861503e+00
   7.7799147e+00   1.1219343e+00
   7.7855750e+00   9.4620135e-01
   7.7912353e+00   8.5766164e-01
   7.7968955e+00   7.7270579e-01
   7.8025558e+00   8.2176517e-01
   7.8082161e+00   7.7849896e-01
   7.8138764e+00   9.4375332e-01
   7.8195367e+00   9.7374224e-01
   7.8251970e+00   7.4806872e-01
   7.8308573e+00   8.9963904e-01
   7.8365175e+00   9.2524425e-01
   7.8421778e+00   1.0528639e+00
   7.8478381e+00   9.9974686e-01
   7.8534984e+00   1.0989573e+00
   7.8591587e+00   1.0819343e+00
   7.8648190e+00   1.2133014e+00
   7.8704792e+00   1.1302893e+00
   7.8761395e+00   1.1868593e+00
   7.8817998e+00   1.0487960e+00
   7.8874601e+00   1.1448200e+00
   7.8931204e+00   1.2312715e+00
   7.8987807e+00   1.2322098e+00
   7.9044409e+00   1.0086308e+00
   7.9101012e+00   8.6641132e-01
   7.9157615e+00   1.2441477e+00
   7.9214218e+00   1.4155791e+00
   7.9270821e+00   1.3998483e+00
   7.9327424e+00   1.3336374e+00
   7.9384027e+00   1.3731416e+00
   7.9440629e+00   1.2787925e+00
   7.9497232e+00   1.3754303e+00
   7.9553835e+00   1.5109411e+00
   7.9610438e+00   1.5271369e+00
   7.9667041e+00   1.6248666e+00
   7.9723644e+00   1.9257332e+00
   7.9780246e+00   2.2098232e+00
   7.9836849e+00   2.4111440e+00
   7.9893452e+00   2.8394489e+00
   7.9950055e+00   3.6653213e+00
   8.0006658e+00   6.5354098e+00
   8.0063261e+00   1.8988751e+01
   8.0119864e+00   4.4665656e+01
   8.0176466e+00   7.1698819e+01
   8.0233069e+00   8.6920522e+01
   8.0289672e+00   8.9008379e+01
   8.0346275e+00   8.2615681e+01
   8.0402878e+00   6.3072774e+01
   8.0459481e+00   3.2885434e+01
   8.0516083e+00   1.1269481e+01
   8.0572686e+00   4.8093231e+00
   8.0629289e+00   3.1176599e+00
   8.0685892e+00   2.6938323e+00
   8.0742495e+00   2.3789804e+00
   8.0799098e+00   2.1364980e+00
   8.0855701e+00   1.9819311e+00
   8.0912303e+00   1.5256585e+00
   8.0968906e+00   1.4583752e+00
   8.1025509e+00   1.6379180e+00
   8.1082112e+00   1.6271158e+00
   8.1138715e+00   1.8673103e+00
   8.1195318e+00   1.6556481e+00
   8.1251920e+00   1.4772280e+00
   8.1308523e+00   1.3792651e+00
   8.1365126e+00   1.1067998e+00
   8.1421729e+00   1.1074551e+00
   8.1478332e+00   1.0884288e+00
   8.1534935e+00   1.1674634e+00
   8.1591538e+00   1.2924430e+00
   8.1648140e+00   1.3273284e+00
   8.1704743e+00   1.0486337e+00
   8.1761346e+00   9.5461558e-01
   8.1817949e+00   1.1288983e+00
   8.1874552e+00   1.1952118e+00
   8.1931155e+00   1.1340648e+00
   8.1987757e+00   1.2048628e+00
   8.2044360e+00   1.1600226e+00
   8.2100963e+00   1.0084657e+00
   8.2157566e+00   1.0928471e+00
   8.2214169e+00   1.2400263e+00
   8.2270772e+00   1.3546232e+00
   8.2327375e+00   1.3906831e+00
   8.2383977e+00   1.3190330e+00
   8.2440580e+00   1.4150074e+00
   8.2497183e+00   1.4093712e+00
   8.2553786e+00   1.1528373e+00
   8.2610389e+00   1.2982861e+00
   8.2666992e+00   1.5543248e+00
   8.2723594e+00   1.5910906e+00
   8.2780197e+00   1.7298976e+00
   8.2836800e+00   1.9209942e+00
   8.2893403e+00   2.3500729e+00
   8.2950006e+00   4.1433485e+00
   8.3006609e+00   1.0853858e+01
   8.3063212e+00   2.5163976e+01
   8.3119814e+00   4.2215179e+01
   8.3176417e+00   5.3397819e+01
   8.3233020e+00   5.9907105e+01
   8.3289623e+00   6.2267640e+01
   8.3346226e+00   5.0242617e+01
   8.3402829e+00   3.1005030e+01
   8.3459431e+00   1.5389087e+01
   8.3516034e+00   5.7792382e+00
   8.3572637e+00   3.2417500e+00
   8.3629240e+00   2.2909647e+00
   8.3685843e+00   2.1542454e+00
   8.3742446e+00   2.1070968e+00
   8.3799048e+00   2.0728963e+00
   8.3855651e+00   2.3538637e+00
   8.3912254e+00   3.3705330e+00
   8.3968857e+00   8.3138094e+00
   8.4025460e+00   1.9090111e+01
   8.4082063e+00   3.0474557e+01
   8.4138666e+00   3.8578661e+01
   8.4195268e+00   4.4834054e+01
   8.4251871e+00   4.6044778e+01
   8.4308474e+00   3.7618237e+01
   8.4365077e+00   2.2595842e+01
   8.4421680e+00   1.0563773e+01
   8.4478283e+00   4.6145594e+00
   8.4534885e+00   2.1632686e+00
   8.4591488e+00   1.5920939e+00
   8.4648091e+00   1.2182343e+00
   8.4704694e+00   1.0611748e+00
   8.4761297e+00   1.0198351e+00
   8.4817900e+00   1.0250675e+00
   8.4874503e+00   9.8475358e-01
   8.4931105e+00   8.5632918e-01
   8.4987708e+00   8.1608456e-01
   8.5044311e+00   6.5881006e-01
   8.5100914e+00   5.8199548e-01
   8.5157517e+00   5.6963823e-01
   8.5214120e+00   5.3348295e-01
   8.5270722e+00   4.4435001e-01
   8.5327325e+00   4.7677620e-01
   8.5383928e+00   4.5962742e-01
   8.5440531e+00   3.8781158e-01
   8.5497134e+00   4.7361766e-01
   8.5553737e+00   5.0184843e-01
   8.5610340e+00   5.9433251e-01
   8.5666942e+00   6.7389973e-01
   8.5723545e+00   5.8080946e-01
   8.5780148e+00   3.2923712e-01
   8.5836751e+00   3.7619181e-01
   8.5893354e+00   4.7367860e-01
   8.5949957e+00   2.4473444e-01
   8.6006559e+00   3.0533387e-01
   8.6063162e+00   4.3706063e-01
   8.6119765e+00   2.2839218e-01
   8.6176368e+00   2.3694384e-02
   8.6232971e+00   0.0000000e+00
   8.6289574e+00   7.9913574e-02
   8.6346177e+00   4.1181694e-01
   8.6402779e+00   3.4310364e-01
   8.6459382e+00   1.3332423e-01
   8.6515985e+00   1.3661228e-01
   8.6572588e+00   2.2790913e-01
   8.6629191e+00   1.5474776e-01
   8.6685794e+00   1.4013773e-01
   8.6742396e+00   3.1286447e-01
   8.6798999e+00   2.3282947e-01
   8.6855602e+00   1.5306672e-01
   8.6912205e+00   1.2530269e-01
   8.6968808e+00   2.0304659e-01
   8.7025411e+00   1.9004734e-01
   8.7082014e+00   1.0619459e-01
   8.7138616e+00   3.5069400e-01
   8.7195219e+00   4.3503831e-01
   8.7251822e+00   1.5386988e-01
   8.7308425e+00   2.1209878e-01
   8.7365028e+00   1.8800924e-01
   8.7421631e+00   2.9312527e-01
   8.7478233e+00   3.7452185e-01
   8.7534836e+00   4.0251150e-01
   8.7591439e+00   6.6686954e-01
   8.7648042e+00   1.0560839e+00
   8.7704645e+00   2.8751009e+00
   8.7761248e+00   7.4709402e+00
   8.7817851e+00   1.2596672e+01
   8.7874453e+00   1.6839283e+01
   8.7931056e+00   1.7543489e+01
   8.7987659e+00   1.8039175e+01
   8.8044262e+00   1.5050188e+01
   8.8100865e+00   9.3215704e+00
   8.8157468e+00   5.0609443e+00
   8.8214070e+00   2.1001787e+00
   8.8270673e+00   7.4721971e-01
   8.8327276e+00   6.3374185e-01
   8.8383879e+00   6.0266141e-01
   8.8440482e+00   2.5912942e-01
   8.8497085e+00   1.2478418e-01
   8.8553687e+00   2.0535325e-01
   8.8610290e+00   3.1263645e-01
   8.8666893e+00   2.2015403e-01
   8.8723496e+00   1.3450659e-01
   8.8780099e+00   3.7299883e-01
   8.8836702e+00   2.9864228e-01
   8.8893305e+00   2.9185847e-01
   8.8949907e+00   2.2004869e-01
   8.9006510e+00   1.2227288e-01
   8.9063113e+00   2.7807462e-01
   8.9119716e+00   4.3453073e-01
   8.9176319e+00   4.1640037e-01
   8.9232922e+00   4.0522492e-01
   8.9289524e+00   3.6266214e-01
   8.9346127e+00   3.6342079e-01
   8.9402730e+00   7.3127453e-01
   8.9459333e+00   8.6706632e-01
   8.9515936e+00   7.0860282e-01
   8.9572539e+00   7.2207692e-01
   8.9629142e+00   6.9576441e-01
   8.9685744e+00   6.0959351e-01
   8.9742347e+00   7.6862047e-01
   8.9798950e+00   6.2370644e-01
   8.9855553e+00   5.9450377e-01
   8.9912156e+00   8.3882059e-01
   8.9968759e+00   1.0877080e+00
   9.0025361e+00   1.1802089e+00
   9.0081964e+00   1.1095082e+00
   9.0138567e+00   1.1781114e+00
   9.0195170e+00   1.4090135e+00
   9.0251773e+00   1.7750114e+00
   9.0308376e+00   2.5395229e+00
   9.0364979e+00   5.5316348e+00
   9.0421581e+00   1.2563742e+01
   9.0478184e+00   2.8179119e+01
   9.0534787e+00   4.9162508e+01
   9.0591390e+00   6.4533627e+01
   9.0647993e+00   7.2892553e+01
   9.0704596e+00   7.7860252e+01
   9.0761198e+00   7.4351794e+01
   9.0817801e+00   5.6112494e+01
   9.0874404e+00   2.9549164e+01
   9.0931007e+00   1.1823757e+01
   9.0987610e+00   5.1261364e+00
   9.1044213e+00   3.0384264e+00
   9.1100816e+00   2.2944708e+00
   9.1157418e+00   2.1625770e+00
   9.1214021e+00   2.3359488e+00
   9.1270624e+00   3.8114582e+00
   9.1327227e+00   7.8390597e+00
   9.1383830e+00   1.5726154e+01
   9.1440433e+00   2.4134731e+01
   9.1497035e+00   3.1119619e+01
   9.1553638e+00   3.4497046e+01
   9.1610241e+00   3.3574765e+01
   9.1666844e+00   2.9819130e+01
   9.1723447e+00   2.0392001e+01
   9.1780050e+00   9.4727910e+00
   9.1836653e+00   3.8611609e+00
   9.1893255e+00   2.1498455e+00
   9.1949858e+00   1.3273674e+00
   9.2006461e+00   1.1757607e+00
   9.2063064e+00   9.6898673e-01
   9.2119667e+00   1.1243437e+00
   9.2176270e+00   9.7864609e-01
   9.2232872e+00   9.8046983e-01
   9.2289475e+00   1.0947641e+00
   9.2346078e+00   9.7632232e-01
   9.2402681e+00   8.9400885e-01
   9.2459284e+00   8.8739222e-01
   9.2515887e+00   1.0602528e+00
   9.2572490e+00   7.7426239e-01
   9.2629092e+00   6.2339042e-01
   9.2685695e+00   1.0218712e+00
   9.2742298e+00   7.6754333e-01
   9.2798901e+00   7.0198118e-01
   9.2855504e+00   8.8239819e-01
   9.2912107e+00   8.6302811e-01
   9.2968709e+00   9.1312541e-01
   9.3025312e+00   8.4757174e-01
   9.3081915e+00   8.0335982e-01
   9.3138518e+00   9.4804632e-01
   9.3195121e+00   8.5750732e-01
   9.3251724e+00   7.1109285e-01
   9.3308327e+00   7.5573887e-01
   9.3364929e+00   8.1745259e-01
   9.3421532e+00   9.7967406e-01
   9.3478135e+00   8.4824130e-01
   9.3534738e+00   6.9117379e-01
   9.3591341e+00   8.5233041e-01
   9.3647944e+00   9.7637048e-01
   9.3704546e+00   1.0784770e+00
   9.3761149e+00   8.9441218e-01
   9.3817752e+00   1.0040104e+00
   9.3874355e+00   1.0494148e+00
   9.3930958e+00   1.1205063e+00
   9.3987561e+00   1.0482663e+00
   9.4044163e+00   1.2629206e+00
   9.4100766e+00   1.1745984e+00
   9.4157369e+00   1.2303376e+00
   9.4213972e+00   1.2561172e+00
   9.4270575e+00   1.4074940e+00
   9.4327178e+00   1.1963929e+00
   9.4383781e+00   1.1552655e+00
   9.4440383e+00   1.4492183e+00
   9.4496986e+00   1.7461127e+00
   9.4553589e+00   2.1213510e+00
   9.4610192e+00   2.3704563e+00
   9.4666795e+00   3.1456770e+00
   9.4723398e+00   6.8171968e+00
   9.4780000e+00   1.6888850e+01
   9.4836603e+00   3.7602937e+01
   9.4893206e+00   5.5785263e+01
   9.4949809e+00   6.9530389e+01
   9.5006412e+00   7.6824419e+01
   9.5063015e+00   7.6796707e+01
   9.5119618e+00   6.4193648e+01
   9.5176220e+00   4.8672491e+01
   9.5232823e+00   2.9155375e+01
   9.5289426e+00   1.3012459e+01
   9.5346029e+00   5.5942943e+00
   9.5402632e+00   3.3077204e+00
   9.5459235e+00   2.7656879e+00
   9.5515837e+00   2.2781443e+00
   9.5572440e+00   1.8500543e+00
   9.5629043e+00   1.5844278e+00
   9.5685646e+00   1.6352524e+00
   9.5742249e+00   1.7081988e+00
   9.5798852e+00   1.5707720e+00
   9.5855455e+00   1.4200152e+00
   9.5912057e+00   1.1080716e+00
   9.5968660e+00   1.1809706e+00
   9.6025263e+00   1.1033908e+00
   9.6081866e+00   1.3291466e+00
   9.6138469e+00   1.2190894e+00
   9.6195072e+00   1.2324728e+00
   9.6251674e+00   1.3961325e+00
   9.6308277e+00   1.3599615e+00
   9.6364880e+00   1.4517518e+00
   9.6421483e+00   1.2099650e+00
   9.6478086e+00   1.1561861e+00
   9.6534689e+00   1.4452747e+00
   9.6591292e+00   1.0452496e+00
   9.6647894e+00   1.1816303e+00
   9.6704497e+00   1.5613816e+00
   9.6761100e+00   1.2823068e+00
   9.6817703e+00   1.4302038e+00
   9.6874306e+00   1.8714169e+00
   9.6930909e+00   1.3628872e+00
   9.6987511e+00   1.5729618e+00
   9.7044114e+00   1.9618279e+00
   9.7100717e+00   1.9006857e+00
   9.7157320e+00   3.1053775e+00
   9.7213923e+00   4.5501432e+00
   9.7270526e+00   1.1675014e+01
   9.7327129e+00   2.5747349e+01
   9.7383731e+00   5.1798386e+01
   9.7440334e+00   6.9817255e+01
   9.7496937e+00   8.0418162e+01
   9.7553540e+00   9.4583263e+01
   9.7610143e+00   8.8518243e+01
   9.7666746e+00   7.1870383e+01
   9.7723348e+00   4.7351845e+01
   9.7779951e+00   2.6774039e+01
   9.7836554e+00   1.0871817e+01
   9.7893157e+00   4.5003394e+00
   9.7949760e+00   2.7977031e+00
   9.8006363e+00   2.4157614e+00
   9.8062966e+00   2.1048173e+00
   9.8119568e+00   1.7418562e+00
   9.8176171e+00   1.7385667e+00
   9.8232774e+00   1.1879960e+00
   9.8289377e+00   1.1405497e+00
   9.8345980e+00   1.2370131e+00
   9.8402583e+00   1.1146029e+00
   9.8459185e+00   8.7984640e-01
   9.8515788e+00   6.4411727e-01
   9.8572391e+00   9.4088285e-01
   9.8628994e+00   7.1894077e-01
   9.8685597e+00   6.8428113e-01
   9.8742200e+00   5.3039968e-01
   9.8798802e+00   5.7486616e-01
   9.8855405e+00   9.5204682e-01
   9.8912008e+00   9.6117056e-01
   9.8968611e+00   7.4673260e-01
   9.9025214e+00   8.4681553e-01
   9.9081817e+00   8.3416935e-01
   9.9138420e+00   4.4619204e-01
   9.9195022e+00   5.6176077e-01
   9.9251625e+00   3.6166161e-01
   9.9308228e+00   3.7010980e-01
   9.9364831e+00   7.3791293e-01
   9.9421434e+00   1.0553027e+00
   9.9478037e+00   8.5340632e-01
   9.9534639e+00   8.5565781e-01
   9.9591242e+00   8.4208904e-01
   9.9647845e+00   4.1699240e-01
   9.9704448e+00   4.4180304e-01
   9.9761051e+00   3.4127099e-01
   9.9817654e+00   5.6477908e-01
   9.9874257e+00   1.0136445e+00
   9.9930859e+00   6.0277513e-01
   9.9987462e+00   2.7899532e-01
   1.0004407e+01   7.3468712e-01
   1.0010067e+01   8.2322604e-01
   1.0015727e+01   8.4078055e-01
   1.0021387e+01   7.4368933e-01
   1.0027048e+01   1.8982468e-01
   1.0032708e+01   7.3011976e-01
   1.0038368e+01   7.1592296e-01
   1.0044029e+01   6.7434391e-01
   1.0049689e+01   3.0624693e-01
   1.0055349e+01   4.1699471e-01
   1.0061009e+01   6.9840341e-01
   1.0066670e+01   6.9527166e-01
   1.0072330e+01   5.3015517e-01
   1.0077990e+01   3.3286376e-01
   1.0083650e+01   1.4553424e-01
   1.0089311e+01   7.2042874e-02
   1.0094971e+01   1.0080902e-01
   1.0100631e+01   3.9874072e-01
   1.0106292e+01   5.5904131e-01
   1.0111952e+01   4.0842797e-01
   1.0117612e+01   6.8945925e-01
   1.0123272e+01   3.9463577e-01
   1.0128933e+01   6.4538674e-01
   1.0134593e+01   1.3730070e+00
   1.0140253e+01   2.6288094e+00
   1.0145914e+01   4.1642114e+00
   1.0151574e+01   5.3240199e+00
   1.0157234e+01   6.3373783e+00
   1.0162894e+01   7.2794582e+00
   1.0168555e+01   7.3516457e+00
   1.0174215e+01   5.3040827e+00
   1.0179875e+01   3.8104945e+00
   1.0185536e+01   2.2274832e+00
   1.0191196e+01   1.3435282e+00
   1.0196856e+01   9.8908124e-01
   1.0202516e+01   7.6217095e-01
   1.0208177e+01   8.2931548e-01
   1.0213837e+01   1.0349981e+00
   1.0219497e+01   1.1314516e+00
   1.0225158e+01   5.4080366e-01
   1.0230818e+01   9.2354584e-01
   1.0236478e+01   4.0778526e-01
   1.0242138e+01   6.2713648e-01
   1.0247799e+01   4.1015190e-01
   1.0253459e+01   4.4607694e-01
   1.0259119e+01   6.3130491e-01
   1.0264780e+01   6.7621068e-01
   1.0270440e+01   5.5540194e-01
   1.0276100e+01   8.3764547e-01
   1.0281760e+01   9.1788218e-01
   1.0287421e+01   2.7937821e-01
   1.0293081e+01   3.0124158e-01
   1.0298741e+01   1.2891012e+00
   1.0304402e+01   8.0550737e-01
   1.0310062e+01   6.6397520e-02
   1.0315722e+01   8.4755936e-01
   1.0321382e+01   2.9993728e-01
   1.0327043e+01   9.1480418e-01
   1.0332703e+01   1.2976902e+00
   1.0338363e+01   1.4614294e+00
   1.0344024e+01   1.4470729e+00
   1.0349684e+01   1.6983145e+00
   1.0355344e+01   8.4175018e-01
   1.0361004e+01   1.2825016e+00
   1.0366665e+01   2.6968692e+00
   1.0372325e+01   4.8865547e+00
   1.0377985e+01   9.6937700e+00
   1.0383646e+01   1.3952462e+01
   1.0389306e+01   1.4104158e+01
   1.0394966e+01   1.5905028e+01
   1.0400626e+01   1.8313744e+01
   1.0406287e+01   1.7021080e+01
   1.0411947e+01   1.2402227e+01
   1.0417607e+01   7.7414984e+00
   1.0423268e+01   4.8686696e+00
   1.0428928e+01   3.4374266e+00
   1.0434588e+01   1.6563054e+00
   1.0440248e+01   2.7963116e+00
   1.0445909e+01   4.8071784e+00
   1.0451569e+01   8.7331633e+00
   1.0457229e+01   1.7298938e+01
   1.0462890e+01   2.2615432e+01
   1.0468550e+01   3.2392892e+01
   1.0474210e+01   3.3827172e+01
   1.0479870e+01   3.1691371e+01
   1.0485531e+01   2.9893113e+01
   1.0491191e+01   2.0055743e+01
   1.0496851e+01   1.4056103e+01
   1.0502512e+01   8.7516615e+00
   1.0508172e+01   3.4162579e+00
   1.0513832e+01   2.0111904e+00
   1.0519492e+01   1.5890333e+00
   1.0525153e+01   1.1529809e+00
   1.0530813e+01   1.2600781e+00
   1.0536473e+01   6.1389496e-01
   1.0542134e+01   7.9227293e-01
   1.0547794e+01   1.1067923e+00
   1.0553454e+01   9.7981918e-01
   1.0559114e+01   2.8347317e-01
   1.0564775e+01   6.7004495e-01
   1.0570435e+01   1.7421402e+00
   1.0576095e+01   1.0377374e+00
   1.0581756e+01   8.1089826e-01
   1.0587416e+01   8.8407982e-01
   1.0593076e+01   1.0546702e+00
   1.0598736e+01   9.2404127e-01
   1.0604397e+01   5.7781447e-01
   1.0610057e+01   1.5786202e-01
   1.0615717e+01   1.2002886e+00
   1.0621378e+01   5.9416974e-01
   1.0627038e+01   1.2193167e+00
   1.0632698e+01   9.7724412e-01
   1.0638358e+01   5.2869288e-01
   1.0644019e+01   8.1833109e-01
   1.0649679e+01   1.1080244e+00
   1.0655339e+01   9.0948571e-01
   1.0661000e+01   6.2194858e-01
   1.0666660e+01   6.1883395e-01
   1.0672320e+01   1.4536556e+00
   1.0677980e+01   1.0815909e+00
   1.0683641e+01   1.3008426e+00
   1.0689301e+01   9.3398253e-01
   1.0694961e+01   5.0310588e-01
   1.0700622e+01   3.4418461e-01
   1.0706282e+01   4.1174610e-01
   1.0711942e+01   1.0756454e+00
   1.0717602e+01   7.5832722e-01
   1.0723263e+01   1.0705142e+00
   1.0728923e+01   1.0917679e+00
   1.0734583e+01   1.2511378e+00
   1.0740243e+01   1.6085404e+00
   1.0745904e+01   2.1357256e+00
   1.0751564e+01   5.4661815e+00
   1.0757224e+01   1.2938234e+01
   1.0762885e+01   2.0509542e+01
   1.0768545e+01   2.8401384e+01
   1.0774205e+01   3.0345197e+01
   1.0779865e+01   3.3461656e+01
   1.0785526e+01   2.6520761e+01
   1.0791186e+01   2.6784777e+01
   1.0796846e+01   2.1891792e+01
   1.0802507e+01   1.0251499e+01
   1.0808167e+01   6.2783310e+00
   1.0813827e+01   3.8117559e+00
   1.0819487e+01   1.7410931e+00
   1.0825148e+01   1.9756266e+00
   1.0830808e+01   1.1577899e+00
   1.0836468e+01   1.0135188e+00
   1.0842129e+01   1.1480499e+00
   1.0847789e+01   1.0077193e+00
   1.0853449e+01   9.6365725e-01
   1.0859109e+01   9.8802961e-01
   1.0864770e+01   1.3673873e+00
   1.0870430e+01   1.1092267e+00
   1.0876090e+01   1.5024572e+00
   1.0881751e+01   1.0273251e+00
   1.0887411e+01   1.1581817e+00
   1.0893071e+01   1.0949242e+00
   1.0898731e+01   1.1297864e+00
   1.0904392e+01   8.8252724e-01
   1.0910052e+01   1.2131297e+00
   1.0915712e+01   1.4562408e+00
   1.0921373e+01   1.7676925e+00
   1.0927033e+01   1.3330758e+00
   1.0932693e+01   1.4669965e+00
   1.0938353e+01   5.5711667e-01
   1.0944014e+01   1.4186948e+00
   1.0949674e+01   1.8131361e+00
   1.0955334e+01   1.6004328e+00
   1.0960995e+01   1.8338117e+00
   1.0966655e+01   2.5141308e+00
   1.0972315e+01   4.6571092e+00
   1.0977975e+01   1.1638556e+01
   1.0983636e+01   1.7285535e+01
   1.0989296e+01   2.4863397e+01
   1.0994956e+01   2.9575878e+01
   1.1000617e+01   3.6378203e+01
   1.1006277e+01   3.3553718e+01
   1.1011937e+01   3.5748271e+01
   1.1017597e+01   2.6753897e+01
   1.1023258e+01   2.4019480e+01
   1.1028918e+01   1.1521234e+01
   1.1034578e+01   5.2623351e+00
   1.1040239e+01   3.2605678e+00
   1.1045899e+01   2.8308792e+00
   1.1051559e+01   4.7045985e+00
   1.1057219e+01   6.7537459e+00
   1.1062880e+01   1.0645767e+01
   1.1068540e+01   1.2666426e+01
   1.1074200e+01   9.8915466e+00
   1.1079861e+01   1.0180791e+01
   1.1085521e+01   1.0862596e+01
   1.1091181e+01   9.3151578e+00
   1.1096841e+01   7.0312647e+00
   1.1102502e+01   4.0693710e+00
   1.1108162e+01   3.0542417e+00
   1.1113822e+01   2.1496382e+00
   1.1119483e+01   1.5432942e+00
   1.1125143e+01   1.2162668e+00
   1.1130803e+01   1.8164423e+00
   1.1136463e+01   1.0635000e+00
   1.1142124e+01   6.8565023e-01
   1.1147784e+01   1.0049168e+00
   1.1153444e+01   1.8561214e+00
   1.1159105e+01   1.5386476e+00
   1.1164765e+01   7.2468386e-01
   1.1170425e+01   8.4017628e-01
   1.1176085e+01   1.7298668e+00
   1.1181746e+01   6.6552220e-01
   1.1187406e+01   1.3254147e+00
   1.1193066e+01   1.1288974e+00
   1.1198727e+01   2.7748676e-01
   1.1204387e+01   8.2099548e-01
   1.1210047e+01   1.7894855e+00
   1.1215707e+01   8.9812229e-01
   1.1221368e+01   1.4786761e+00
   1.1227028e+01   1.2297467e+00
   1.1232688e+01   7.3540994e-01
   1.1238349e+01   1.7374370e+00
   1.1244009e+01   1.5149769e+00
   1.1249669e+01   1.6217394e+00
   1.1255329e+01   9.8770156e-01
   1.1260990e+01   1.6898977e+00
   1.1266650e+01   5.3256244e-01
   1.1272310e+01   7.2789314e-01
   1.1277971e+01   1.3154385e+00
   1.1283631e+01   9.4373708e-01
   1.1289291e+01   7.7593988e-01
   1.1294951e+01   6.6472483e-01
   1.1300612e+01   1.8022596e+00
   1.1306272e+01   2.1840839e+00
   1.1311932e+01   1.5811018e+00
   1.1317593e+01   7.3835864e-01
   1.1323253e+01   1.3352519e+00
   1.1328913e+01   1.5212569e+00
   1.1334573e+01   1.8696119e+00
   1.1340234e+01   3.7887425e+00
   1.1345894e+01   6.6660061e+00
   1.1351554e+01   1.1566528e+01
   1.1357215e+01   1.7907831e+01
   1.1362875e+01   2.1726686e+01
   1.1368535e+01   3.0265071e+01
   1.1374195e+01   3.0562188e+01
   1.1379856e+01   2.3065856e+01
   1.1385516e+01   1.5149906e+01
   1.1391176e+01   9.0113323e+00
   1.1396837e+01   3.8658297e+00
   1.1402497e+01   2.2092075e+00
   1.1408157e+01   1.2205435e+00
   1.1413817e+01   2.1170556e+00
   1.1419478e+01   2.3807861e+00
   1.1425138e+01   2.0111347e+00
   1.1430798e+01   9.7089196e-01
   1.1436458e+01   6.1384988e-02
   1.1442119e+01   1.1967621e+00
   1.1447779e+01   1.8211488e+00
   1.1453439e+01   1.6831110e+00
   1.1459100e+01   1.5047901e+00
   1.1464760e+01   1.7506112e+00
   1.1470420e+01   1.3160452e+00
   1.1476080e+01   1.1512115e+00
   1.1481741e+01   8.7745289e-01
   1.1487401e+01   1.1371569e+00
   1.1493061e+01   1.9351520e+00
   1.1498722e+01   1.6866099e+00
   1.1504382e+01   9.6245379e-01
   1.1510042e+01   7.2338403e-01
   1.1515702e+01   2.6485378e+00
   1.1521363e+01   1.3610400e+00
   1.1527023e+01   1.7806619e+00
   1.1532683e+01   1.7157721e+00
   1.1538344e+01   2.3004669e+00
   1.1544004e+01   4.9847260e+00
   1.1549664e+01   6.6090539e+00
   1.1555324e+01   1.2706525e+01
   1.1560985e+01   1.9617880e+01
   1.1566645e+01   2.8013121e+01
   1.1572305e+01   4.3059741e+01
   1.1577966e+01   4.0670424e+01
   1.1583626e+01   4.4700598e+01
   1.1589286e+01   3.2696953e+01
   1.1594946e+01   3.0396263e+01
   1.1600607e+01   3.2751353e+01
   1.1606267e+01   1.5626518e+01
   1.1611927e+01   1.0259399e+01
   1.1617588e+01   5.2690080e+00
   1.1623248e+01   5.7880817e+00
   1.1628908e+01   6.7094709e+00
   1.1634568e+01   8.2917354e+00
   1.1640229e+01   9.4192846e+00
   1.1645889e+01   1.1996045e+01
   1.1651549e+01   1.6526983e+01
   1.1657210e+01   1.4427142e+01
   1.1662870e+01   1.7301776e+01
   1.1668530e+01   1.2079027e+01
   1.1674190e+01   8.6347841e+00
   1.1679851e+01   6.8853737e+00
   1.1685511e+01   2.6873887e+00
   1.1691171e+01   2.0815490e+00
   1.1696832e+01   1.8076532e+00
   1.1702492e+01   4.6598842e+00
   1.1708152e+01   2.2135410e+00
   1.1713812e+01   3.4377676e+00
   1.1719473e+01   1.5715844e+00
   1.1725133e+01   3.1689025e+00
   1.1730793e+01   2.1036833e+00
   1.1736454e+01   2.3610703e+00
   1.1742114e+01   2.6671165e+00
   1.1747774e+01   1.2434038e+00
   1.1753434e+01   9.3262931e-01
   1.1759095e+01   1.0112454e-01
   1.1764755e+01   2.6471868e+00
   1.1770415e+01   4.7598019e+00
   1.1776076e+01   3.1948910e+00
   1.1781736e+01   3.2014111e+00
   1.1787396e+01   1.8993865e+00
   1.1793056e+01   5.5716172e+00
   1.1798717e+01   7.3933360e+00
   1.1804377e+01   1.8137641e+00
   1.1810037e+01   1.2672187e+00
   1.1815698e+01   3.3947921e+00
   1.1821358e+01   3.6493526e+00
   1.1827018e+01   2.3580794e+00
   1.1832678e+01   1.5589790e+00
   1.1838339e+01   1.1908863e+00
   1.1843999e+01   2.3544189e+00
   1.1849659e+01   1.7035343e+00
   1.1855320e+01   3.3411019e+00
   1.1860980e+01   2.5736916e+00
   1.1866640e+01   2.2993504e+00
   1.1872300e+01   1.9881218e+00
   1.1877961e+01   4.0752794e+00
   1.1883621e+01   4.5894773e+00
   1.1889281e+01   2.7294086e+00
   1.1894942e+01   3.8998018e+00
   1.1900602e+01   6.5953249e+00
   1.1906262e+01   8.4980731e+00
   1.1911922e+01   1.1911441e+01
   1.1917583e+01   1.3453207e+01
   1.1923243e+01   1.4914292e+01
   1.1928903e+01   2.3865340e+01
   1.1934564e+01   1.9642352e+01
   1.1940224e+01   1.3419566e+01
   1.1945884e+01   6.8214770e+00
   1.1951544e+01   7.6471603e-01
   1.1957205e+01   5.2353860e+00
   1.1962865e+01   3.6946089e+00
   1.1968525e+01   3.9371856e+00
   1.1974186e+01   0.0000000e+00
   1.1979846e+01   4.3754117e+00
   1.1985506e+01   3.1717098e+00
   1.1991166e+01   8.4263539e+00
   1.1996827e+01   9.2046779e-01
   1.2002487e+01   2.8067028e+00
   1.2008147e+01   1.0923050e+01
   1.2013808e+01   1.9037316e+01
