  5.860944e-03    1.054755e+01
  1.758283e-02    1.017515e+01
  2.930472e-02    1.012695e+01
  4.102661e-02    1.073024e+01
  5.274850e-02    1.101405e+01
  6.447039e-02    1.155507e+01
  7.619227e-02    1.218658e+01
  8.791416e-02    1.960607e+01
  9.963605e-02    4.760519e+01
  1.113579e-01    7.626295e+01
  1.230798e-01    8.036497e+01
  1.348017e-01    6.779456e+01
  1.465236e-01    5.695675e+01
  1.582455e-01    5.154609e+01
  1.699674e-01    5.194978e+01
  1.816893e-01    5.469272e+01
  1.934112e-01    5.695402e+01
  2.051330e-01    6.011586e+01
  2.168549e-01    6.240661e+01
  2.285768e-01    6.573802e+01
  2.402987e-01    6.860555e+01
  2.520206e-01    7.035503e+01
  2.637425e-01    7.289466e+01
  2.754644e-01    7.419035e+01
  2.871863e-01    7.583827e+01
  2.989081e-01    7.831673e+01
  3.106300e-01    7.997024e+01
  3.223519e-01    8.049135e+01
  3.340738e-01    8.266644e+01
  3.457957e-01    8.357744e+01
  3.575176e-01    8.513158e+01
  3.692395e-01    8.551188e+01
  3.809614e-01    8.699575e+01
  3.926833e-01    8.541689e+01
  4.044051e-01    8.321760e+01
  4.161270e-01    8.700340e+01
  4.278489e-01    8.846713e+01
  4.395708e-01    8.958779e+01
  4.512927e-01    9.088196e+01
  4.630146e-01    9.164993e+01
  4.747365e-01    9.156990e+01
  4.864584e-01    9.325605e+01
  4.981802e-01    9.335658e+01
  5.099021e-01    9.360938e+01
  5.216240e-01    9.470734e+01
  5.333459e-01    9.483975e+01
  5.450678e-01    9.527888e+01
  5.567897e-01    9.568149e+01
  5.685116e-01    9.595918e+01
  5.802335e-01    9.607925e+01
  5.919554e-01    9.670203e+01
  6.036772e-01    9.705983e+01
  6.153991e-01    9.790552e+01
  6.271210e-01    9.852698e+01
  6.388429e-01    9.835349e+01
  6.505648e-01    9.799644e+01
  6.622867e-01    9.831731e+01
  6.740086e-01    9.819714e+01
  6.857305e-01    9.894088e+01
  6.974523e-01    9.954578e+01
  7.091742e-01    9.971124e+01
  7.208961e-01    9.908780e+01
  7.326180e-01    9.924793e+01
  7.443399e-01    9.886383e+01
  7.560618e-01    9.920583e+01
  7.677837e-01    9.999623e+01
  7.795056e-01    1.002019e+02
  7.912275e-01    9.613832e+01
  8.029493e-01    9.221249e+01
  8.146712e-01    9.055079e+01
  8.263931e-01    8.891627e+01
  8.381150e-01    8.727682e+01
  8.498369e-01    8.739511e+01
  8.615588e-01    8.852506e+01
  8.732807e-01    8.780456e+01
  8.850026e-01    8.500922e+01
  8.967244e-01    8.290909e+01
  9.084463e-01    8.296884e+01
  9.201682e-01    8.200883e+01
  9.318901e-01    8.171912e+01
  9.436120e-01    8.074865e+01
  9.553339e-01    8.200850e+01
  9.670558e-01    8.502551e+01
  9.787777e-01    8.623956e+01
  9.904996e-01    8.718694e+01
  1.002221e+00    8.725323e+01
  1.013943e+00    8.776418e+01
  1.025665e+00    8.854081e+01
  1.037387e+00    8.897096e+01
  1.049109e+00    8.954166e+01
  1.060831e+00    8.995511e+01
  1.072553e+00    8.994597e+01
  1.084275e+00    9.002583e+01
  1.095997e+00    9.064702e+01
  1.107718e+00    9.168304e+01
  1.119440e+00    9.179858e+01
  1.131162e+00    9.150124e+01
  1.142884e+00    8.819621e+01
  1.154606e+00    8.558460e+01
  1.166328e+00    8.426691e+01
  1.178050e+00    8.346329e+01
  1.189772e+00    8.230178e+01
  1.201494e+00    8.108945e+01
  1.213215e+00    8.087219e+01
  1.224937e+00    8.022830e+01
  1.236659e+00    7.994490e+01
  1.248381e+00    7.895391e+01
  1.260103e+00    7.869334e+01
  1.271825e+00    7.766595e+01
  1.283547e+00    7.748040e+01
  1.295269e+00    7.690154e+01
  1.306991e+00    7.975860e+01
  1.318712e+00    8.224263e+01
  1.330434e+00    8.279040e+01
  1.342156e+00    8.341885e+01
  1.353878e+00    8.369463e+01
  1.365600e+00    8.393290e+01
  1.377322e+00    8.402240e+01
  1.389044e+00    8.434706e+01
  1.400766e+00    8.482422e+01
  1.412488e+00    8.542368e+01
  1.424209e+00    8.571685e+01
  1.435931e+00    8.568774e+01
  1.447653e+00    8.603365e+01
  1.459375e+00    8.603553e+01
  1.471097e+00    8.643952e+01
  1.482819e+00    8.602090e+01
  1.494541e+00    8.608498e+01
  1.506263e+00    8.584148e+01
  1.517985e+00    8.565280e+01
  1.529706e+00    8.627654e+01
  1.541428e+00    8.702232e+01
  1.553150e+00    8.552164e+01
  1.564872e+00    8.502361e+01
  1.576594e+00    8.458886e+01
  1.588316e+00    8.440609e+01
  1.600038e+00    8.376638e+01
  1.611760e+00    8.306823e+01
  1.623482e+00    8.309900e+01
  1.635203e+00    8.315160e+01
  1.646925e+00    8.333288e+01
  1.658647e+00    8.264423e+01
  1.670369e+00    8.266835e+01
  1.682091e+00    8.221228e+01
  1.693813e+00    8.192185e+01
  1.705535e+00    8.142691e+01
  1.717257e+00    8.068182e+01
  1.728979e+00    8.059042e+01
  1.740700e+00    8.011760e+01
  1.752422e+00    7.986300e+01
  1.764144e+00    8.015835e+01
  1.775866e+00    7.969209e+01
  1.787588e+00    7.963258e+01
  1.799310e+00    7.904174e+01
  1.811032e+00    7.900243e+01
  1.822754e+00    7.923851e+01
  1.834476e+00    7.877006e+01
  1.846197e+00    7.868145e+01
  1.857919e+00    7.838865e+01
  1.869641e+00    7.840742e+01
  1.881363e+00    7.820458e+01
  1.893085e+00    7.819138e+01
  1.904807e+00    7.818677e+01
  1.916529e+00    7.794386e+01
  1.928251e+00    7.800392e+01
  1.939972e+00    7.841570e+01
  1.951694e+00    7.885830e+01
  1.963416e+00    7.850880e+01
  1.975138e+00    7.819962e+01
  1.986860e+00    7.734185e+01
  1.998582e+00    7.754215e+01
  2.010304e+00    7.595735e+01
  2.022026e+00    7.433213e+01
  2.033748e+00    7.269955e+01
  2.045469e+00    7.194870e+01
  2.057191e+00    7.180502e+01
  2.068913e+00    7.306683e+01
  2.080635e+00    7.533085e+01
  2.092357e+00    7.710370e+01
  2.104079e+00    7.790702e+01
  2.115801e+00    7.965919e+01
  2.127523e+00    8.293768e+01
  2.139245e+00    8.720061e+01
  2.150966e+00    9.537080e+01
  2.162688e+00    1.258970e+02
  2.174410e+00    5.863143e+02
  2.186132e+00    2.243035e+03
  2.197854e+00    2.988507e+03
  2.209576e+00    1.815604e+03
  2.221298e+00    3.775194e+02
  2.233020e+00    1.115097e+02
  2.244742e+00    9.168678e+01
  2.256463e+00    8.360774e+01
  2.268185e+00    7.874613e+01
  2.279907e+00    7.545226e+01
  2.291629e+00    7.360609e+01
  2.303351e+00    7.281003e+01
  2.315073e+00    7.123076e+01
  2.326795e+00    7.027930e+01
  2.338517e+00    6.930484e+01
  2.350239e+00    6.859451e+01
  2.361960e+00    6.807396e+01
  2.373682e+00    6.831698e+01
  2.385404e+00    6.893576e+01
  2.397126e+00    6.877391e+01
  2.408848e+00    6.765070e+01
  2.420570e+00    6.618422e+01
  2.432292e+00    6.522208e+01
  2.444014e+00    6.503083e+01
  2.455736e+00    6.520341e+01
  2.467457e+00    6.568528e+01
  2.479179e+00    6.636567e+01
  2.490901e+00    6.848437e+01
  2.502623e+00    7.682417e+01
  2.514345e+00    2.061947e+02
  2.526067e+00    6.709081e+02
  2.537789e+00    8.923584e+02
  2.549511e+00    5.644548e+02
  2.561233e+00    1.517374e+02
  2.572954e+00    7.097223e+01
  2.584676e+00    6.532607e+01
  2.596398e+00    6.304949e+01
  2.608120e+00    6.150264e+01
  2.619842e+00    6.030086e+01
  2.631564e+00    5.945389e+01
  2.643286e+00    5.827658e+01
  2.655008e+00    5.752479e+01
  2.666730e+00    5.699775e+01
  2.678451e+00    5.646211e+01
  2.690173e+00    5.606034e+01
  2.701895e+00    5.573045e+01
  2.713617e+00    5.518624e+01
  2.725339e+00    5.492842e+01
  2.737061e+00    5.453005e+01
  2.748783e+00    5.429192e+01
  2.760505e+00    5.357330e+01
  2.772227e+00    5.349181e+01
  2.783948e+00    5.335654e+01
  2.795670e+00    5.242721e+01
  2.807392e+00    5.100745e+01
  2.819114e+00    4.997453e+01
  2.830836e+00    4.898058e+01
  2.842558e+00    4.821356e+01
  2.854280e+00    4.771824e+01
  2.866002e+00    4.787920e+01
  2.877724e+00    4.754036e+01
  2.889445e+00    4.715769e+01
  2.901167e+00    4.683650e+01
  2.912889e+00    4.666034e+01
  2.924611e+00    4.612967e+01
  2.936333e+00    4.587069e+01
  2.948055e+00    4.555786e+01
  2.959777e+00    4.538018e+01
  2.971499e+00    4.518447e+01
  2.983221e+00    4.477958e+01
  2.994942e+00    4.411814e+01
  3.006664e+00    4.357668e+01
  3.018386e+00    4.324142e+01
  3.030108e+00    4.332605e+01
  3.041830e+00    4.392117e+01
  3.053552e+00    4.448776e+01
  3.065274e+00    4.465225e+01
  3.076996e+00    4.462733e+01
  3.088718e+00    4.424332e+01
  3.100439e+00    4.402785e+01
  3.112161e+00    4.389878e+01
  3.123883e+00    4.403662e+01
  3.135605e+00    4.389412e+01
  3.147327e+00    4.364268e+01
  3.159049e+00    4.380613e+01
  3.170771e+00    4.380913e+01
  3.182493e+00    4.381939e+01
  3.194215e+00    4.396098e+01
  3.205936e+00    4.380481e+01
  3.217658e+00    4.356382e+01
  3.229380e+00    4.225410e+01
  3.241102e+00    4.149043e+01
  3.252824e+00    4.091378e+01
  3.264546e+00    4.022488e+01
  3.276268e+00    3.982526e+01
  3.287990e+00    3.967610e+01
  3.299712e+00    3.971178e+01
  3.311433e+00    3.937585e+01
  3.323155e+00    3.903825e+01
  3.334877e+00    3.859945e+01
  3.346599e+00    3.859048e+01
  3.358321e+00    3.857336e+01
  3.370043e+00    3.857675e+01
  3.381765e+00    3.877400e+01
  3.393487e+00    3.958660e+01
  3.405209e+00    4.004340e+01
  3.416930e+00    4.027345e+01
  3.428652e+00    4.064935e+01
  3.440374e+00    4.104979e+01
  3.452096e+00    4.136099e+01
  3.463818e+00    4.203642e+01
  3.475540e+00    4.269085e+01
  3.487262e+00    4.345161e+01
  3.498984e+00    4.401009e+01
  3.510706e+00    4.501623e+01
  3.522427e+00    4.697998e+01
  3.534149e+00    5.057008e+01
  3.545871e+00    5.738088e+01
  3.557593e+00    1.029723e+02
  3.569315e+00    5.567029e+02
  3.581037e+00    1.505186e+03
  3.592759e+00    1.678579e+03
  3.604481e+00    8.177507e+02
  3.616203e+00    1.552688e+02
  3.627924e+00    6.138809e+01
  3.639646e+00    5.205020e+01
  3.651368e+00    4.837950e+01
  3.663090e+00    4.635160e+01
  3.674812e+00    4.425832e+01
  3.686534e+00    4.263320e+01
  3.698256e+00    4.177820e+01
  3.709978e+00    4.110619e+01
  3.721699e+00    4.079240e+01
  3.733421e+00    4.021166e+01
  3.745143e+00    3.985638e+01
  3.756865e+00    3.944934e+01
  3.768587e+00    3.883154e+01
  3.780309e+00    3.878552e+01
  3.792031e+00    3.856268e+01
  3.803753e+00    3.855725e+01
  3.815475e+00    3.848353e+01
  3.827196e+00    3.808477e+01
  3.838918e+00    3.776815e+01
  3.850640e+00    3.759196e+01
  3.862362e+00    3.742856e+01
  3.874084e+00    3.755444e+01
  3.885806e+00    3.747294e+01
  3.897528e+00    3.740571e+01
  3.909250e+00    3.707335e+01
  3.920972e+00    3.709726e+01
  3.932693e+00    3.715203e+01
  3.944415e+00    3.709004e+01
  3.956137e+00    3.675516e+01
  3.967859e+00    3.680407e+01
  3.979581e+00    3.677320e+01
  3.991303e+00    3.662613e+01
  4.003025e+00    3.664639e+01
  4.014747e+00    3.681371e+01
  4.026469e+00    3.702678e+01
  4.038190e+00    3.692286e+01
  4.049912e+00    3.716071e+01
  4.061634e+00    3.730868e+01
  4.073356e+00    3.747491e+01
  4.085078e+00    3.745305e+01
  4.096800e+00    3.790348e+01
  4.108522e+00    3.845997e+01
  4.120244e+00    3.928152e+01
  4.131966e+00    4.032053e+01
  4.143687e+00    4.216107e+01
  4.155409e+00    4.551022e+01
  4.167131e+00    5.285694e+01
  4.178853e+00    1.247493e+02
  4.190575e+00    6.225865e+02
  4.202297e+00    1.388943e+03
  4.214019e+00    1.377312e+03
  4.225741e+00    6.044496e+02
  4.237463e+00    1.151943e+02
  4.249184e+00    5.206630e+01
  4.260906e+00    4.497793e+01
  4.272628e+00    4.170404e+01
  4.284350e+00    3.970348e+01
  4.296072e+00    3.844258e+01
  4.307794e+00    3.779119e+01
  4.319516e+00    3.722858e+01
  4.331238e+00    3.685867e+01
  4.342960e+00    3.683590e+01
  4.354681e+00    3.818618e+01
  4.366403e+00    5.381122e+01
  4.378125e+00    1.516570e+02
  4.389847e+00    2.937640e+02
  4.401569e+00    2.861446e+02
  4.413291e+00    1.385858e+02
  4.425013e+00    4.786322e+01
  4.436735e+00    3.554779e+01
  4.448457e+00    3.407541e+01
  4.460178e+00    3.295019e+01
  4.471900e+00    3.243945e+01
  4.483622e+00    3.222799e+01
  4.495344e+00    3.170739e+01
  4.507066e+00    3.162310e+01
  4.518788e+00    3.128667e+01
  4.530510e+00    3.113748e+01
  4.542232e+00    3.103193e+01
  4.553954e+00    3.070028e+01
  4.565675e+00    3.045564e+01
  4.577397e+00    3.024491e+01
  4.589119e+00    3.001802e+01
  4.600841e+00    2.984887e+01
  4.612563e+00    2.976941e+01
  4.624285e+00    2.962933e+01
  4.636007e+00    2.952784e+01
  4.647729e+00    2.927764e+01
  4.659451e+00    2.926675e+01
  4.671172e+00    2.924623e+01
  4.682894e+00    2.901958e+01
  4.694616e+00    2.897025e+01
  4.706338e+00    2.892849e+01
  4.718060e+00    2.885158e+01
  4.729782e+00    2.859883e+01
  4.741504e+00    2.847520e+01
  4.753226e+00    2.842019e+01
  4.764948e+00    2.839176e+01
  4.776669e+00    2.848724e+01
  4.788391e+00    2.825735e+01
  4.800113e+00    2.816253e+01
  4.811835e+00    2.832649e+01
  4.823557e+00    2.825279e+01
  4.835279e+00    2.812489e+01
  4.847001e+00    2.799092e+01
  4.858723e+00    2.801564e+01
  4.870445e+00    2.804728e+01
  4.882166e+00    2.801240e+01
  4.893888e+00    2.787010e+01
  4.905610e+00    2.777381e+01
  4.917332e+00    2.790161e+01
  4.929054e+00    2.802246e+01
  4.940776e+00    2.789001e+01
  4.952498e+00    2.760423e+01
  4.964220e+00    2.748466e+01
  4.975942e+00    2.734127e+01
  4.987663e+00    2.750620e+01
  4.999385e+00    2.765603e+01
  5.011107e+00    2.781672e+01
  5.022829e+00    2.828276e+01
  5.034551e+00    2.971598e+01
  5.046273e+00    4.593618e+01
  5.057995e+00    1.371483e+02
  5.069717e+00    2.688872e+02
  5.081439e+00    2.647136e+02
  5.093160e+00    1.322800e+02
  5.104882e+00    4.348534e+01
  5.116604e+00    2.940440e+01
  5.128326e+00    2.813455e+01
  5.140048e+00    2.750779e+01
  5.151770e+00    2.727643e+01
  5.163492e+00    2.710704e+01
  5.175214e+00    2.702229e+01
  5.186936e+00    2.679903e+01
  5.198657e+00    2.677332e+01
  5.210379e+00    2.667499e+01
  5.222101e+00    2.665023e+01
  5.233823e+00    2.651885e+01
  5.245545e+00    2.620099e+01
  5.257267e+00    2.623432e+01
  5.268989e+00    2.635216e+01
  5.280711e+00    2.659091e+01
  5.292433e+00    2.655054e+01
  5.304154e+00    2.615577e+01
  5.315876e+00    2.592848e+01
  5.327598e+00    2.577487e+01
  5.339320e+00    2.570419e+01
  5.351042e+00    2.577975e+01
  5.362764e+00    2.577864e+01
  5.374486e+00    2.563927e+01
  5.386208e+00    2.579430e+01
  5.397930e+00    2.586252e+01
  5.409651e+00    2.581210e+01
  5.421373e+00    2.582655e+01
  5.433095e+00    2.618541e+01
  5.444817e+00    2.649531e+01
  5.456539e+00    2.690740e+01
  5.468261e+00    2.799150e+01
  5.479983e+00    3.008851e+01
  5.491705e+00    3.551778e+01
  5.503427e+00    8.981569e+01
  5.515148e+00    3.221246e+02
  5.526870e+00    5.891831e+02
  5.538592e+00    5.265724e+02
  5.550314e+00    2.299857e+02
  5.562036e+00    6.056505e+01
  5.573758e+00    3.458597e+01
  5.585480e+00    3.159617e+01
  5.597202e+00    3.043949e+01
  5.608923e+00    3.023631e+01
  5.620645e+00    3.083384e+01
  5.632367e+00    3.265499e+01
  5.644089e+00    5.289840e+01
  5.655811e+00    1.714843e+02
  5.667533e+00    3.636091e+02
  5.679255e+00    3.913577e+02
  5.690977e+00    2.162504e+02
  5.702699e+00    6.696788e+01
  5.714420e+00    3.332030e+01
  5.726142e+00    2.984157e+01
  5.737864e+00    2.881879e+01
  5.749586e+00    2.824788e+01
  5.761308e+00    2.763791e+01
  5.773030e+00    2.732334e+01
  5.784752e+00    2.698816e+01
  5.796474e+00    2.675555e+01
  5.808196e+00    2.658125e+01
  5.819917e+00    2.634317e+01
  5.831639e+00    2.612243e+01
  5.843361e+00    2.613361e+01
  5.855083e+00    2.614665e+01
  5.866805e+00    2.602967e+01
  5.878527e+00    2.581407e+01
  5.890249e+00    2.576900e+01
  5.901971e+00    2.583636e+01
  5.913693e+00    2.585247e+01
  5.925414e+00    2.578741e+01
  5.937136e+00    2.566838e+01
  5.948858e+00    2.557031e+01
  5.960580e+00    2.557388e+01
  5.972302e+00    2.568910e+01
  5.984024e+00    2.585289e+01
  5.995746e+00    2.585806e+01
  6.007468e+00    2.591236e+01
  6.019190e+00    2.591368e+01
  6.030911e+00    2.591804e+01
  6.042633e+00    2.596275e+01
  6.054355e+00    2.608973e+01
  6.066077e+00    2.604333e+01
  6.077799e+00    2.623663e+01
  6.089521e+00    2.642624e+01
  6.101243e+00    2.660156e+01
  6.112965e+00    2.692897e+01
  6.124687e+00    2.709063e+01
  6.136408e+00    2.752804e+01
  6.148130e+00    2.815951e+01
  6.159852e+00    2.938682e+01
  6.171574e+00    3.187237e+01
  6.183296e+00    5.064584e+01
  6.195018e+00    1.778143e+02
  6.206740e+00    4.451651e+02
  6.218462e+00    5.660333e+02
  6.230184e+00    3.726826e+02
  6.241905e+00    1.275466e+02
  6.253627e+00    4.119044e+01
  6.265349e+00    3.121262e+01
  6.277071e+00    2.912378e+01
  6.288793e+00    2.824624e+01
  6.300515e+00    2.762438e+01
  6.312237e+00    2.716986e+01
  6.323959e+00    2.680830e+01
  6.335681e+00    2.643641e+01
  6.347402e+00    2.625844e+01
  6.359124e+00    2.613406e+01
  6.370846e+00    2.602023e+01
  6.382568e+00    2.582207e+01
  6.394290e+00    2.597903e+01
  6.406012e+00    2.585353e+01
  6.417734e+00    2.568077e+01
  6.429456e+00    2.563885e+01
  6.441178e+00    2.570229e+01
  6.452899e+00    2.577482e+01
  6.464621e+00    2.572566e+01
  6.476343e+00    2.588610e+01
  6.488065e+00    2.602199e+01
  6.499787e+00    2.631518e+01
  6.511509e+00    2.649667e+01
  6.523231e+00    2.700430e+01
  6.534953e+00    2.796767e+01
  6.546675e+00    2.975469e+01
  6.558396e+00    4.036615e+01
  6.570118e+00    1.211489e+02
  6.581840e+00    3.253047e+02
  6.593562e+00    4.703148e+02
  6.605284e+00    3.603976e+02
  6.617006e+00    1.485896e+02
  6.628728e+00    4.582141e+01
  6.640450e+00    3.030450e+01
  6.652172e+00    2.802927e+01
  6.663893e+00    2.696141e+01
  6.675615e+00    2.647476e+01
  6.687337e+00    2.602407e+01
  6.699059e+00    2.558429e+01
  6.710781e+00    2.523712e+01
  6.722503e+00    2.500806e+01
  6.734225e+00    2.485726e+01
  6.745947e+00    2.464373e+01
  6.757669e+00    2.456356e+01
  6.769390e+00    2.451241e+01
  6.781112e+00    2.435786e+01
  6.792834e+00    2.430797e+01
  6.804556e+00    2.412535e+01
  6.816278e+00    2.411173e+01
  6.828000e+00    2.401958e+01
  6.839722e+00    2.396302e+01
  6.851444e+00    2.379073e+01
  6.863166e+00    2.380116e+01
  6.874887e+00    2.377903e+01
  6.886609e+00    2.375866e+01
  6.898331e+00    2.378709e+01
  6.910053e+00    2.367188e+01
  6.921775e+00    2.370292e+01
  6.933497e+00    2.379179e+01
  6.945219e+00    2.384057e+01
  6.956941e+00    2.384687e+01
  6.968663e+00    2.375183e+01
  6.980384e+00    2.371181e+01
  6.992106e+00    2.378512e+01
  7.003828e+00    2.391838e+01
  7.015550e+00    2.390894e+01
  7.027272e+00    2.399000e+01
  7.038994e+00    2.412247e+01
  7.050716e+00    2.427264e+01
  7.062438e+00    2.422719e+01
  7.074160e+00    2.436858e+01
  7.085881e+00    2.453630e+01
  7.097603e+00    2.463342e+01
  7.109325e+00    2.497683e+01
  7.121047e+00    2.543378e+01
  7.132769e+00    2.618065e+01
  7.144491e+00    3.140263e+01
  7.156213e+00    6.364250e+01
  7.167935e+00    1.353190e+02
  7.179657e+00    1.833518e+02
  7.191378e+00    1.448716e+02
  7.203100e+00    7.181218e+01
  7.214822e+00    3.354803e+01
  7.226544e+00    2.683478e+01
  7.238266e+00    2.600531e+01
  7.249988e+00    2.547204e+01
  7.261710e+00    2.538770e+01
  7.273432e+00    2.537695e+01
  7.285154e+00    2.526288e+01
  7.296875e+00    2.541081e+01
  7.308597e+00    2.547768e+01
  7.320319e+00    2.545969e+01
  7.332041e+00    2.555487e+01
  7.343763e+00    2.568056e+01
  7.355485e+00    2.584086e+01
  7.367207e+00    2.560771e+01
  7.378929e+00    2.526929e+01
  7.390651e+00    2.510993e+01
  7.402372e+00    2.505861e+01
  7.414094e+00    2.524041e+01
  7.425816e+00    2.549708e+01
  7.437538e+00    2.597111e+01
  7.449260e+00    2.665588e+01
  7.460982e+00    2.836629e+01
  7.472704e+00    3.854691e+01
  7.484426e+00    1.056029e+02
  7.496147e+00    2.692068e+02
  7.507869e+00    4.155367e+02
  7.519591e+00    3.324606e+02
  7.531313e+00    1.566133e+02
  7.543035e+00    5.381429e+01
  7.554757e+00    3.158200e+01
  7.566479e+00    2.969765e+01
  7.578201e+00    3.260393e+01
  7.589923e+00    5.913866e+01
  7.601644e+00    1.298599e+02
  7.613366e+00    1.962335e+02
  7.625088e+00    1.751582e+02
  7.636810e+00    9.664056e+01
  7.648532e+00    4.225671e+01
  7.660254e+00    2.828966e+01
  7.671976e+00    2.664211e+01
  7.683698e+00    2.587198e+01
  7.695420e+00    2.569863e+01
  7.707141e+00    2.554319e+01
  7.718863e+00    2.531738e+01
  7.730585e+00    2.509367e+01
  7.742307e+00    2.494780e+01
  7.754029e+00    2.480985e+01
  7.765751e+00    2.473535e+01
  7.777473e+00    2.456058e+01
  7.789195e+00    2.453478e+01
  7.800917e+00    2.452901e+01
  7.812638e+00    2.426564e+01
  7.824360e+00    2.413108e+01
  7.836082e+00    2.421840e+01
  7.847804e+00    2.433505e+01
  7.859526e+00    2.418861e+01
  7.871248e+00    2.431002e+01
  7.882970e+00    2.423529e+01
  7.894692e+00    2.446416e+01
  7.906414e+00    2.449990e+01
  7.918135e+00    2.455346e+01
  7.929857e+00    2.468194e+01
  7.941579e+00    2.472275e+01
  7.953301e+00    2.505091e+01
  7.965023e+00    2.531307e+01
  7.976745e+00    2.609102e+01
  7.988467e+00    2.939573e+01
  8.000189e+00    5.371294e+01
  8.011911e+00    1.260745e+02
  8.023632e+00    2.085658e+02
  8.035354e+00    2.097162e+02
  8.047076e+00    1.290012e+02
  8.058798e+00    5.525404e+01
  8.070520e+00    2.952658e+01
  8.082242e+00    2.592736e+01
  8.093964e+00    2.532508e+01
  8.105686e+00    2.496148e+01
  8.117408e+00    2.471186e+01
  8.129129e+00    2.452622e+01
  8.140851e+00    2.455374e+01
  8.152573e+00    2.441717e+01
  8.164295e+00    2.451362e+01
  8.176017e+00    2.444209e+01
  8.187739e+00    2.436719e+01
  8.199461e+00    2.423784e+01
  8.211183e+00    2.433365e+01
  8.222905e+00    2.437631e+01
  8.234626e+00    2.444657e+01
  8.246348e+00    2.476925e+01
  8.258070e+00    2.500204e+01
  8.269792e+00    2.536306e+01
  8.281514e+00    2.702175e+01
  8.293236e+00    3.826390e+01
  8.304958e+00    7.848349e+01
  8.316680e+00    1.366630e+02
  8.328402e+00    1.578293e+02
  8.340123e+00    1.148885e+02
  8.351845e+00    5.899742e+01
  8.363567e+00    3.185276e+01
  8.375289e+00    2.737313e+01
  8.387011e+00    3.186006e+01
  8.398733e+00    5.575071e+01
  8.410455e+00    9.767644e+01
  8.422177e+00    1.228774e+02
  8.433899e+00    1.006941e+02
  8.445620e+00    5.785302e+01
  8.457342e+00    3.191875e+01
  8.469064e+00    2.576143e+01
  8.480786e+00    2.485127e+01
  8.492508e+00    2.465316e+01
  8.504230e+00    2.454872e+01
  8.515952e+00    2.438303e+01
  8.527674e+00    2.419437e+01
  8.539396e+00    2.420988e+01
  8.551117e+00    2.412776e+01
  8.562839e+00    2.400670e+01
  8.574561e+00    2.393696e+01
  8.586283e+00    2.391143e+01
  8.598005e+00    2.401361e+01
  8.609727e+00    2.383235e+01
  8.621449e+00    2.376069e+01
  8.633171e+00    2.361521e+01
  8.644893e+00    2.373736e+01
  8.656614e+00    2.373493e+01
  8.668336e+00    2.382305e+01
  8.680058e+00    2.393048e+01
  8.691780e+00    2.386563e+01
  8.703502e+00    2.404560e+01
  8.715224e+00    2.394896e+01
  8.726946e+00    2.404642e+01
  8.738668e+00    2.435816e+01
  8.750390e+00    2.453366e+01
  8.762111e+00    2.721654e+01
  8.773833e+00    3.826448e+01
  8.785555e+00    5.761225e+01
  8.797277e+00    7.024148e+01
  8.808999e+00    6.172647e+01
  8.820721e+00    4.227322e+01
  8.832443e+00    2.884290e+01
  8.844165e+00    2.499077e+01
  8.855887e+00    2.450853e+01
  8.867608e+00    2.453059e+01
  8.879330e+00    2.443756e+01
  8.891052e+00    2.453840e+01
  8.902774e+00    2.460460e+01
  8.914496e+00    2.480296e+01
  8.926218e+00    2.483547e+01
  8.937940e+00    2.479653e+01
  8.949662e+00    2.499035e+01
  8.961384e+00    2.521297e+01
  8.973105e+00    2.523813e+01
  8.984827e+00    2.566306e+01
  8.996549e+00    2.593768e+01
  9.008271e+00    2.643650e+01
  9.019993e+00    2.774414e+01
  9.031715e+00    3.587273e+01
  9.043437e+00    7.410506e+01
  9.055159e+00    1.508141e+02
  9.066881e+00    2.140931e+02
  9.078602e+00    1.964333e+02
  9.090324e+00    1.200421e+02
  9.102046e+00    5.438122e+01
  9.113768e+00    3.237726e+01
  9.125490e+00    3.585795e+01
  9.137212e+00    5.589962e+01
  9.148934e+00    8.494913e+01
  9.160656e+00    9.708773e+01
  9.172378e+00    7.797974e+01
  9.184099e+00    4.898122e+01
  9.195821e+00    3.107830e+01
  9.207543e+00    2.686065e+01
  9.219265e+00    2.644337e+01
  9.230987e+00    2.618317e+01
  9.242709e+00    2.609510e+01
  9.254431e+00    2.591745e+01
  9.266153e+00    2.573430e+01
  9.277874e+00    2.584000e+01
  9.289596e+00    2.591280e+01
  9.301318e+00    2.591245e+01
  9.313040e+00    2.586636e+01
  9.324762e+00    2.588316e+01
  9.336484e+00    2.591126e+01
  9.348206e+00    2.591672e+01
  9.359928e+00    2.610510e+01
  9.371650e+00    2.615540e+01
  9.383371e+00    2.640451e+01
  9.395093e+00    2.636037e+01
  9.406815e+00    2.671699e+01
  9.418537e+00    2.676918e+01
  9.430259e+00    2.695815e+01
  9.441981e+00    2.736340e+01
  9.453703e+00    2.818086e+01
  9.465425e+00    3.492348e+01
  9.477147e+00    6.892914e+01
  9.488868e+00    1.426437e+02
  9.500590e+00    2.126901e+02
  9.512312e+00    2.115749e+02
  9.524034e+00    1.399103e+02
  9.535756e+00    6.612188e+01
  9.547478e+00    3.387436e+01
  9.559200e+00    2.832467e+01
  9.570922e+00    2.741663e+01
  9.582644e+00    2.692243e+01
  9.594365e+00    2.655284e+01
  9.606087e+00    2.632655e+01
  9.617809e+00    2.638090e+01
  9.629531e+00    2.628011e+01
  9.641253e+00    2.625283e+01
  9.652975e+00    2.621659e+01
  9.664697e+00    2.638511e+01
  9.676419e+00    2.674037e+01
  9.688141e+00    2.681069e+01
  9.699862e+00    2.748677e+01
  9.711584e+00    2.993796e+01
  9.723306e+00    4.716273e+01
  9.735028e+00    1.037069e+02
  9.746750e+00    1.860150e+02
  9.758472e+00    2.326007e+02
  9.770194e+00    1.923310e+02
  9.781916e+00    1.073596e+02
  9.793638e+00    4.683065e+01
  9.805359e+00    2.962929e+01
  9.817081e+00    2.726189e+01
  9.828803e+00    2.629338e+01
  9.840525e+00    2.569371e+01
  9.852247e+00    2.515801e+01
  9.863969e+00    2.509805e+01
  9.875691e+00    2.482467e+01
  9.887413e+00    2.478333e+01
  9.899135e+00    2.456736e+01
  9.910856e+00    2.423812e+01
  9.922578e+00    2.418525e+01
  9.934300e+00    2.424785e+01
  9.946022e+00    2.413474e+01
  9.957744e+00    2.395254e+01
  9.969466e+00    2.363610e+01
  9.981188e+00    2.368772e+01
  9.992910e+00    2.366990e+01
  1.000463e+01    2.351413e+01
  1.001635e+01    2.374663e+01
  1.002808e+01    2.357067e+01
  1.003980e+01    2.350306e+01
  1.005152e+01    2.342870e+01
  1.006324e+01    2.354595e+01
  1.007496e+01    2.363611e+01
  1.008668e+01    2.373025e+01
  1.009841e+01    2.391282e+01
  1.011013e+01    2.376723e+01
  1.012185e+01    2.419507e+01
  1.013357e+01    2.660268e+01
  1.014529e+01    3.267374e+01
  1.015702e+01    3.988716e+01
  1.016874e+01    4.220809e+01
  1.018046e+01    3.692461e+01
  1.019218e+01    2.914054e+01
  1.020390e+01    2.507718e+01
  1.021563e+01    2.388798e+01
  1.022735e+01    2.375633e+01
  1.023907e+01    2.368769e+01
  1.025079e+01    2.366514e+01
  1.026251e+01    2.359818e+01
  1.027423e+01    2.361475e+01
  1.028596e+01    2.372330e+01
  1.029768e+01    2.390341e+01
  1.030940e+01    2.387189e+01
  1.032112e+01    2.359741e+01
  1.033284e+01    2.423034e+01
  1.034457e+01    2.418384e+01
  1.035629e+01    2.510982e+01
  1.036801e+01    3.054837e+01
  1.037973e+01    4.629092e+01
  1.039145e+01    6.671381e+01
  1.040318e+01    7.651505e+01
  1.041490e+01    6.537402e+01
  1.042662e+01    4.503993e+01
  1.043834e+01    3.286735e+01
  1.045006e+01    4.215323e+01
  1.046179e+01    6.913290e+01
  1.047351e+01    9.548758e+01
  1.048523e+01    9.769881e+01
  1.049695e+01    7.324246e+01
  1.050867e+01    4.345230e+01
  1.052039e+01    2.814961e+01
  1.053212e+01    2.510818e+01
  1.054384e+01    2.485301e+01
  1.055556e+01    2.464418e+01
  1.056728e+01    2.458484e+01
  1.057900e+01    2.439761e+01
  1.059073e+01    2.438329e+01
  1.060245e+01    2.438635e+01
  1.061417e+01    2.486344e+01
  1.062589e+01    2.508031e+01
  1.063761e+01    2.500714e+01
  1.064934e+01    2.467242e+01
  1.066106e+01    2.448712e+01
  1.067278e+01    2.474180e+01
  1.068450e+01    2.491530e+01
  1.069622e+01    2.513444e+01
  1.070794e+01    2.538701e+01
  1.071967e+01    2.555830e+01
  1.073139e+01    2.620414e+01
  1.074311e+01    2.970174e+01
  1.075483e+01    4.471458e+01
  1.076655e+01    7.536633e+01
  1.077828e+01    1.048921e+02
  1.079000e+01    1.081684e+02
  1.080172e+01    8.327479e+01
  1.081344e+01    4.900346e+01
  1.082516e+01    3.026373e+01
  1.083689e+01    2.646121e+01
  1.084861e+01    2.618596e+01
  1.086033e+01    2.618937e+01
  1.087205e+01    2.596145e+01
  1.088377e+01    2.584874e+01
  1.089550e+01    2.602285e+01
  1.090722e+01    2.614982e+01
  1.091894e+01    2.584275e+01
  1.093066e+01    2.574142e+01
  1.094238e+01    2.637375e+01
  1.095410e+01    2.708699e+01
  1.096583e+01    3.072884e+01
  1.097755e+01    4.694207e+01
  1.098927e+01    8.033921e+01
  1.100099e+01    1.129809e+02
  1.101271e+01    1.197321e+02
  1.102444e+01    9.240285e+01
  1.103616e+01    5.509434e+01
  1.104788e+01    3.699635e+01
  1.105960e+01    4.131606e+01
  1.107132e+01    5.212223e+01
  1.108305e+01    5.731256e+01
  1.109477e+01    5.039140e+01
  1.110649e+01    3.808169e+01
  1.111821e+01    2.912374e+01
  1.112993e+01    2.624822e+01
  1.114165e+01    2.647224e+01
  1.115338e+01    2.592781e+01
  1.116510e+01    2.538274e+01
  1.117682e+01    2.543614e+01
  1.118854e+01    2.540041e+01
  1.120026e+01    2.514516e+01
  1.121199e+01    2.502455e+01
  1.122371e+01    2.537753e+01
  1.123543e+01    2.508302e+01
  1.124715e+01    2.500587e+01
  1.125887e+01    2.570831e+01
  1.127060e+01    2.542784e+01
  1.128232e+01    2.494956e+01
  1.129404e+01    2.516351e+01
  1.130576e+01    2.544401e+01
  1.131748e+01    2.563986e+01
  1.132920e+01    2.811046e+01
  1.134093e+01    3.624395e+01
  1.135265e+01    5.158430e+01
  1.136437e+01    6.682610e+01
  1.137609e+01    7.000757e+01
  1.138781e+01    5.641860e+01
  1.139954e+01    3.838573e+01
  1.141126e+01    2.908115e+01
  1.142298e+01    2.649756e+01
  1.143470e+01    2.639216e+01
  1.144642e+01    2.623130e+01
  1.145815e+01    2.617910e+01
  1.146987e+01    2.601931e+01
  1.148159e+01    2.600352e+01
  1.149331e+01    2.633583e+01
  1.150503e+01    2.722552e+01
  1.151676e+01    2.730489e+01
  1.152848e+01    2.845601e+01
  1.154020e+01    3.203247e+01
  1.155192e+01    4.854104e+01
  1.156364e+01    8.378619e+01
  1.157536e+01    1.170690e+02
  1.158709e+01    1.246375e+02
  1.159881e+01    9.953651e+01
  1.161053e+01    6.196869e+01
  1.162225e+01    4.642045e+01
  1.163397e+01    5.656931e+01
  1.164570e+01    7.328835e+01
  1.165742e+01    7.703551e+01
  1.166914e+01    6.328035e+01
  1.168086e+01    4.440482e+01
  1.169258e+01    3.190017e+01
  1.170431e+01    2.795387e+01
  1.171603e+01    2.684215e+01
  1.172775e+01    2.692099e+01
  1.173947e+01    2.735739e+01
  1.175119e+01    2.637088e+01
  1.176291e+01    2.650550e+01
  1.177464e+01    2.772323e+01
  1.178636e+01    2.955622e+01
  1.179808e+01    2.589357e+01
  1.180980e+01    2.623833e+01
  1.182152e+01    2.636459e+01
  1.183325e+01    2.790352e+01
  1.184497e+01    2.823724e+01
  1.185669e+01    2.826490e+01
  1.186841e+01    2.823182e+01
  1.188013e+01    2.841732e+01
  1.189186e+01    3.099439e+01
  1.190358e+01    4.106426e+01
  1.191530e+01    5.547566e+01
  1.192702e+01    6.149131e+01
  1.193874e+01    5.870401e+01
  1.195047e+01    4.705310e+01
  1.196219e+01    3.549071e+01
  1.197391e+01    2.792797e+01
  1.198563e+01    2.844242e+01
  1.199735e+01    3.086938e+01
