   4.2720509e-01   6.0091236e+00
   4.3286538e-01   2.3598661e+00
   4.3852566e-01   1.5491622e+00
   4.4418594e-01   1.2616260e+00
   4.4984623e-01   1.1168507e+00
   4.5550651e-01   1.0070377e+00
   4.6116680e-01   9.5404851e-01
   4.6682708e-01   9.1580889e-01
   4.7248737e-01   9.0826690e-01
   4.7814765e-01   9.1450967e-01
   4.8380794e-01   9.0891122e-01
   4.8946822e-01   9.3521435e-01
   4.9512850e-01   9.4521955e-01
   5.0078879e-01   9.8102318e-01
   5.0644907e-01   1.0115947e+00
   5.1210936e-01   1.0363815e+00
   5.1776964e-01   1.0775988e+00
   5.2342993e-01   1.1009582e+00
   5.2909021e-01   1.1441954e+00
   5.3475050e-01   1.1680542e+00
   5.4041078e-01   1.1902227e+00
   5.4607107e-01   1.2080854e+00
   5.5173135e-01   1.2151985e+00
   5.5739163e-01   1.2313657e+00
   5.6305192e-01   1.2257336e+00
   5.6871220e-01   1.2389987e+00
   5.7437249e-01   1.2270603e+00
   5.8003277e-01   1.2318622e+00
   5.8569306e-01   1.2381165e+00
   5.9135334e-01   1.2358473e+00
   5.9701363e-01   1.2473287e+00
   6.0267391e-01   1.2375514e+00
   6.0833420e-01   1.2482884e+00
   6.1399448e-01   1.2447394e+00
   6.1965476e-01   1.2514488e+00
   6.2531505e-01   1.2609371e+00
   6.3097533e-01   1.2551185e+00
   6.3663562e-01   1.2671346e+00
   6.4229590e-01   1.2567220e+00
   6.4795619e-01   1.2693694e+00
   6.5361647e-01   1.2628886e+00
   6.5927676e-01   1.2640841e+00
   6.6493704e-01   1.2690343e+00
   6.7059733e-01   1.2591464e+00
   6.7625761e-01   1.2703774e+00
   6.8191789e-01   1.2607924e+00
   6.8757818e-01   1.2725234e+00
   6.9323846e-01   1.2692354e+00
   6.9889875e-01   1.2698293e+00
   7.0455903e-01   1.2746323e+00
   7.1021932e-01   1.2691983e+00
   7.1587960e-01   1.2789051e+00
   7.2153989e-01   1.2688683e+00
   7.2720017e-01   1.2775442e+00
   7.3286046e-01   1.2695624e+00
   7.3852074e-01   1.2714539e+00
   7.4418102e-01   1.2825586e+00
   7.4984131e-01   1.2769431e+00
   7.5550159e-01   1.2880236e+00
   7.6116188e-01   1.2791667e+00
   7.6682216e-01   1.2862711e+00
   7.7248245e-01   1.2866408e+00
   7.7814273e-01   1.2892204e+00
   7.8380302e-01   1.2998491e+00
   7.8946330e-01   1.2920688e+00
   7.9512358e-01   1.3048388e+00
   8.0078387e-01   1.3051137e+00
   8.0644415e-01   1.3204178e+00
   8.1210444e-01   1.3181725e+00
   8.1776472e-01   1.3193339e+00
   8.2342501e-01   1.3262677e+00
   8.2908529e-01   1.3228153e+00
   8.3474558e-01   1.3372081e+00
   8.4040586e-01   1.3360034e+00
   8.4606615e-01   1.3476932e+00
   8.5172643e-01   1.3457403e+00
   8.5738671e-01   1.3486521e+00
   8.6304700e-01   1.3605980e+00
   8.6870728e-01   1.3579260e+00
   8.7436757e-01   1.3726765e+00
   8.8002785e-01   1.3693834e+00
   8.8568814e-01   1.3819770e+00
   8.9134842e-01   1.3873536e+00
   8.9700871e-01   1.3900473e+00
   9.0266899e-01   1.4023841e+00
   9.0832928e-01   1.4002840e+00
   9.1398956e-01   1.4169837e+00
   9.1964984e-01   1.4155401e+00
   9.2531013e-01   1.4305039e+00
   9.3097041e-01   1.4408572e+00
   9.3663070e-01   1.4506274e+00
   9.4229098e-01   1.4682109e+00
   9.4795127e-01   1.4709858e+00
   9.5361155e-01   1.4987801e+00
   9.5927184e-01   1.5126315e+00
   9.6493212e-01   1.5414933e+00
   9.7059241e-01   1.5852871e+00
   9.7625269e-01   1.5999782e+00
   9.8191297e-01   1.6016995e+00
   9.8757326e-01   1.5721771e+00
   9.9323354e-01   1.5574378e+00
   9.9889383e-01   1.5399617e+00
   1.0045541e+00   1.5312094e+00
   1.0102144e+00   1.5327864e+00
   1.0158747e+00   1.5233686e+00
   1.0215350e+00   1.5304968e+00
   1.0271953e+00   1.5236372e+00
   1.0328555e+00   1.5270068e+00
   1.0385158e+00   1.5288077e+00
   1.0441761e+00   1.5358339e+00
   1.0498364e+00   1.5484066e+00
   1.0554967e+00   1.5447525e+00
   1.0611570e+00   1.5582785e+00
   1.0668172e+00   1.5600669e+00
   1.0724775e+00   1.5699822e+00
   1.0781378e+00   1.5766882e+00
   1.0837981e+00   1.5841211e+00
   1.0894584e+00   1.5992049e+00
   1.0951187e+00   1.6023260e+00
   1.1007789e+00   1.6172253e+00
   1.1064392e+00   1.6206963e+00
   1.1120995e+00   1.6290091e+00
   1.1177598e+00   1.6429352e+00
   1.1234201e+00   1.6538150e+00
   1.1290804e+00   1.6729402e+00
   1.1347407e+00   1.6829277e+00
   1.1404009e+00   1.6979866e+00
   1.1460612e+00   1.7070931e+00
   1.1517215e+00   1.7191394e+00
   1.1573818e+00   1.7321481e+00
   1.1630421e+00   1.7346476e+00
   1.1687024e+00   1.7531310e+00
   1.1743626e+00   1.7596474e+00
   1.1800229e+00   1.7767422e+00
   1.1856832e+00   1.7890515e+00
   1.1913435e+00   1.8009419e+00
   1.1970038e+00   1.8167865e+00
   1.2026641e+00   1.8216689e+00
   1.2083244e+00   1.8407370e+00
   1.2139846e+00   1.8481399e+00
   1.2196449e+00   1.8703544e+00
   1.2253052e+00   1.8854310e+00
   1.2309655e+00   1.8950100e+00
   1.2366258e+00   1.9164279e+00
   1.2422861e+00   1.9299495e+00
   1.2479463e+00   1.9546530e+00
   1.2536066e+00   1.9636798e+00
   1.2592669e+00   1.9819652e+00
   1.2649272e+00   1.9947797e+00
   1.2705875e+00   1.9994877e+00
   1.2762478e+00   2.0157243e+00
   1.2819081e+00   2.0219860e+00
   1.2875683e+00   2.0442784e+00
   1.2932286e+00   2.0533710e+00
   1.2988889e+00   2.0697048e+00
   1.3045492e+00   2.0803017e+00
   1.3102095e+00   2.0898929e+00
   1.3158698e+00   2.1089046e+00
   1.3215300e+00   2.1205519e+00
   1.3271903e+00   2.1410669e+00
   1.3328506e+00   2.1538393e+00
   1.3385109e+00   2.1736938e+00
   1.3441712e+00   2.1992326e+00
   1.3498315e+00   2.2221311e+00
   1.3554918e+00   2.2615751e+00
   1.3611520e+00   2.2989815e+00
   1.3668123e+00   2.3527943e+00
   1.3724726e+00   2.4151924e+00
   1.3781329e+00   2.5045420e+00
   1.3837932e+00   2.6303741e+00
   1.3894535e+00   2.8325549e+00
   1.3951137e+00   3.2444994e+00
   1.4007740e+00   4.7846246e+00
   1.4064343e+00   1.1987425e+01
   1.4120946e+00   3.4796818e+01
   1.4177549e+00   6.6555269e+01
   1.4234152e+00   7.8953211e+01
   1.4290755e+00   5.6364907e+01
   1.4347357e+00   2.6774639e+01
   1.4403960e+00   1.0935790e+01
   1.4460563e+00   5.4167307e+00
   1.4517166e+00   3.6529710e+00
   1.4573769e+00   3.0607235e+00
   1.4630372e+00   2.8284966e+00
   1.4686974e+00   2.7008700e+00
   1.4743577e+00   2.5771108e+00
   1.4800180e+00   2.4559662e+00
   1.4856783e+00   2.3824425e+00
   1.4913386e+00   2.3347569e+00
   1.4969989e+00   2.3069851e+00
   1.5026592e+00   2.2845254e+00
   1.5083194e+00   2.2614496e+00
   1.5139797e+00   2.2471471e+00
   1.5196400e+00   2.2277428e+00
   1.5253003e+00   2.2201393e+00
   1.5309606e+00   2.2165172e+00
   1.5366209e+00   2.2774147e+00
   1.5422811e+00   2.3102341e+00
   1.5479414e+00   2.2415555e+00
   1.5536017e+00   2.1994904e+00
   1.5592620e+00   2.1905649e+00
   1.5649223e+00   2.1907130e+00
   1.5705826e+00   2.1879813e+00
   1.5762428e+00   2.1863238e+00
   1.5819031e+00   2.1903447e+00
   1.5875634e+00   2.1924393e+00
   1.5932237e+00   2.1990469e+00
   1.5988840e+00   2.1969977e+00
   1.6045443e+00   2.2041847e+00
   1.6102046e+00   2.2082124e+00
   1.6158648e+00   2.2156605e+00
   1.6215251e+00   2.2297591e+00
   1.6271854e+00   2.2441099e+00
   1.6328457e+00   2.2771916e+00
   1.6385060e+00   2.3233385e+00
   1.6441663e+00   2.4102989e+00
   1.6498265e+00   2.5631409e+00
   1.6554868e+00   2.7820379e+00
   1.6611471e+00   3.0470821e+00
   1.6668074e+00   3.2154155e+00
   1.6724677e+00   3.1879927e+00
   1.6781280e+00   2.9528481e+00
   1.6837883e+00   2.6780407e+00
   1.6894485e+00   2.4585192e+00
   1.6951088e+00   2.3273617e+00
   1.7007691e+00   2.2607662e+00
   1.7064294e+00   2.2230869e+00
   1.7120897e+00   2.2070714e+00
   1.7177500e+00   2.1978591e+00
   1.7234102e+00   2.1991165e+00
   1.7290705e+00   2.2003702e+00
   1.7347308e+00   2.1864519e+00
   1.7403911e+00   2.1732657e+00
   1.7460514e+00   2.1579005e+00
   1.7517117e+00   2.1492203e+00
   1.7573720e+00   2.1371902e+00
   1.7630322e+00   2.1303420e+00
   1.7686925e+00   2.1264541e+00
   1.7743528e+00   2.1176169e+00
   1.7800131e+00   2.1188512e+00
   1.7856734e+00   2.1210653e+00
   1.7913337e+00   2.1258702e+00
   1.7969939e+00   2.1272820e+00
   1.8026542e+00   2.1339089e+00
   1.8083145e+00   2.1451268e+00
   1.8139748e+00   2.1583847e+00
   1.8196351e+00   2.1925262e+00
   1.8252954e+00   2.2679162e+00
   1.8309557e+00   2.4024979e+00
   1.8366159e+00   2.6287647e+00
   1.8422762e+00   3.2174805e+00
   1.8479365e+00   5.3684520e+00
   1.8535968e+00   9.4684537e+00
   1.8592571e+00   1.2170748e+01
   1.8649174e+00   1.0434859e+01
   1.8705776e+00   6.5137084e+00
   1.8762379e+00   3.8413663e+00
   1.8818982e+00   2.8592057e+00
   1.8875585e+00   2.5290109e+00
   1.8932188e+00   2.4063965e+00
   1.8988791e+00   2.3650356e+00
   1.9045394e+00   2.3664131e+00
   1.9101996e+00   2.4103985e+00
   1.9158599e+00   2.5145293e+00
   1.9215202e+00   2.7150084e+00
   1.9271805e+00   3.1669783e+00
   1.9328408e+00   4.3280893e+00
   1.9385011e+00   7.3563064e+00
   1.9441613e+00   1.2689062e+01
   1.9498216e+00   1.5804814e+01
   1.9554819e+00   1.2491997e+01
   1.9611422e+00   6.6974261e+00
   1.9668025e+00   3.4963879e+00
   1.9724628e+00   2.5078908e+00
   1.9781231e+00   2.1926568e+00
   1.9837833e+00   2.0474208e+00
   1.9894436e+00   1.9625266e+00
   1.9951039e+00   1.9057046e+00
   2.0007642e+00   1.8663861e+00
   2.0064245e+00   1.8351780e+00
   2.0120848e+00   1.8059969e+00
   2.0177450e+00   1.7846567e+00
   2.0234053e+00   1.7662315e+00
   2.0290656e+00   1.7479998e+00
   2.0347259e+00   1.7327321e+00
   2.0403862e+00   1.7218379e+00
   2.0460465e+00   1.7233587e+00
   2.0517067e+00   1.7012347e+00
   2.0573670e+00   1.6724214e+00
   2.0630273e+00   1.6606319e+00
   2.0686876e+00   1.6469765e+00
   2.0743479e+00   1.6387197e+00
   2.0800082e+00   1.6285941e+00
   2.0856685e+00   1.6202429e+00
   2.0913287e+00   1.6076126e+00
   2.0969890e+00   1.5971142e+00
   2.1026493e+00   1.5874629e+00
   2.1083096e+00   1.5810767e+00
   2.1139699e+00   1.5705885e+00
   2.1196302e+00   1.5541032e+00
   2.1252904e+00   1.5461710e+00
   2.1309507e+00   1.5372363e+00
   2.1366110e+00   1.5312696e+00
   2.1422713e+00   1.5262988e+00
   2.1479316e+00   1.5177612e+00
   2.1535919e+00   1.5144977e+00
   2.1592522e+00   1.5063869e+00
   2.1649124e+00   1.5052268e+00
   2.1705727e+00   1.4993658e+00
   2.1762330e+00   1.4960994e+00
   2.1818933e+00   1.4926187e+00
   2.1875536e+00   1.4874120e+00
   2.1932139e+00   1.4861496e+00
   2.1988741e+00   1.4796632e+00
   2.2045344e+00   1.4756141e+00
   2.2101947e+00   1.4699030e+00
   2.2158550e+00   1.4637760e+00
   2.2215153e+00   1.4601283e+00
   2.2271756e+00   1.4597071e+00
   2.2328359e+00   1.4617070e+00
   2.2384961e+00   1.4560070e+00
   2.2441564e+00   1.4535817e+00
   2.2498167e+00   1.4552478e+00
   2.2554770e+00   1.4560055e+00
   2.2611373e+00   1.4517349e+00
   2.2667976e+00   1.4445606e+00
   2.2724578e+00   1.4459644e+00
   2.2781181e+00   1.4440425e+00
   2.2837784e+00   1.4444455e+00
   2.2894387e+00   1.4454542e+00
   2.2950990e+00   1.4458488e+00
   2.3007593e+00   1.4501506e+00
   2.3064196e+00   1.4496833e+00
   2.3120798e+00   1.4523944e+00
   2.3177401e+00   1.4525778e+00
   2.3234004e+00   1.4516157e+00
   2.3290607e+00   1.4482346e+00
   2.3347210e+00   1.4430887e+00
   2.3403813e+00   1.4390573e+00
   2.3460415e+00   1.4316642e+00
   2.3517018e+00   1.4299201e+00
   2.3573621e+00   1.4285656e+00
   2.3630224e+00   1.4307857e+00
   2.3686827e+00   1.4321737e+00
   2.3743430e+00   1.4297666e+00
   2.3800033e+00   1.4287431e+00
   2.3856635e+00   1.4255882e+00
   2.3913238e+00   1.4280263e+00
   2.3969841e+00   1.4309608e+00
   2.4026444e+00   1.4328996e+00
   2.4083047e+00   1.4318581e+00
   2.4139650e+00   1.4325755e+00
   2.4196252e+00   1.4339678e+00
   2.4252855e+00   1.4340615e+00
   2.4309458e+00   1.4368107e+00
   2.4366061e+00   1.4388640e+00
   2.4422664e+00   1.4419127e+00
   2.4479267e+00   1.4448957e+00
   2.4535870e+00   1.4445478e+00
   2.4592472e+00   1.4470794e+00
   2.4649075e+00   1.4496744e+00
   2.4705678e+00   1.4533633e+00
   2.4762281e+00   1.4549276e+00
   2.4818884e+00   1.4563339e+00
   2.4875487e+00   1.4568880e+00
   2.4932089e+00   1.4571584e+00
   2.4988692e+00   1.4583961e+00
   2.5045295e+00   1.4573484e+00
   2.5101898e+00   1.4587512e+00
   2.5158501e+00   1.4607830e+00
   2.5215104e+00   1.4616557e+00
   2.5271706e+00   1.4655353e+00
   2.5328309e+00   1.4676227e+00
   2.5384912e+00   1.4717658e+00
   2.5441515e+00   1.4719818e+00
   2.5498118e+00   1.4744716e+00
   2.5554721e+00   1.4768867e+00
   2.5611324e+00   1.4794409e+00
   2.5667926e+00   1.4838022e+00
   2.5724529e+00   1.4858395e+00
   2.5781132e+00   1.4925170e+00
   2.5837735e+00   1.4964424e+00
   2.5894338e+00   1.5048660e+00
   2.5950941e+00   1.5155676e+00
   2.6007543e+00   1.5281161e+00
   2.6064146e+00   1.5414716e+00
   2.6120749e+00   1.5485064e+00
   2.6177352e+00   1.5499534e+00
   2.6233955e+00   1.5445842e+00
   2.6290558e+00   1.5384557e+00
   2.6347161e+00   1.5340489e+00
   2.6403763e+00   1.5287063e+00
   2.6460366e+00   1.5284470e+00
   2.6516969e+00   1.5375811e+00
   2.6573572e+00   1.5384965e+00
   2.6630175e+00   1.5331807e+00
   2.6686778e+00   1.5357472e+00
   2.6743380e+00   1.5412286e+00
   2.6799983e+00   1.5427227e+00
   2.6856586e+00   1.5464881e+00
   2.6913189e+00   1.5484642e+00
   2.6969792e+00   1.5522204e+00
   2.7026395e+00   1.5542444e+00
   2.7082998e+00   1.5561183e+00
   2.7139600e+00   1.5633797e+00
   2.7196203e+00   1.5986119e+00
   2.7252806e+00   1.6765181e+00
   2.7309409e+00   1.6716410e+00
   2.7366012e+00   1.6530006e+00
   2.7422615e+00   1.7052486e+00
   2.7479217e+00   1.7102620e+00
   2.7535820e+00   1.7191413e+00
   2.7592423e+00   1.6945615e+00
   2.7649026e+00   1.6470764e+00
   2.7705629e+00   1.6658285e+00
   2.7762232e+00   1.6858082e+00
   2.7818835e+00   1.7081049e+00
   2.7875437e+00   1.7329304e+00
   2.7932040e+00   1.7683184e+00
   2.7988643e+00   1.8142994e+00
   2.8045246e+00   1.8930031e+00
   2.8101849e+00   2.0366309e+00
   2.8158452e+00   2.3706312e+00
   2.8215054e+00   3.3537852e+00
   2.8271657e+00   6.0583682e+00
   2.8328260e+00   1.1529529e+01
   2.8384863e+00   1.8739781e+01
   2.8441466e+00   2.5479889e+01
   2.8498069e+00   2.6944538e+01
   2.8554672e+00   2.1049996e+01
   2.8611274e+00   1.3838812e+01
   2.8667877e+00   7.5891824e+00
   2.8724480e+00   3.9713139e+00
   2.8781083e+00   2.5834485e+00
   2.8837686e+00   2.1486138e+00
   2.8894289e+00   1.9876768e+00
   2.8950891e+00   1.9163653e+00
   2.9007494e+00   1.8912149e+00
   2.9064097e+00   1.9205298e+00
   2.9120700e+00   2.1384666e+00
   2.9177303e+00   3.0612289e+00
   2.9233906e+00   5.2831297e+00
   2.9290509e+00   9.0058527e+00
   2.9347111e+00   1.1906406e+01
   2.9403714e+00   1.1702186e+01
   2.9460317e+00   9.1318194e+00
   2.9516920e+00   7.2188389e+00
   2.9573523e+00   6.7952583e+00
   2.9630126e+00   7.1908494e+00
   2.9686728e+00   6.7205125e+00
   2.9743331e+00   5.3722187e+00
   2.9799934e+00   3.8721219e+00
   2.9856537e+00   2.7080500e+00
   2.9913140e+00   2.0774334e+00
   2.9969743e+00   1.8353140e+00
   3.0026345e+00   1.7559798e+00
   3.0082948e+00   1.7272413e+00
   3.0139551e+00   1.7144341e+00
   3.0196154e+00   1.7111962e+00
   3.0252757e+00   1.7155680e+00
   3.0309360e+00   1.7296937e+00
   3.0365963e+00   1.7318560e+00
   3.0422565e+00   1.7099737e+00
   3.0479168e+00   1.7029558e+00
   3.0535771e+00   1.7028529e+00
   3.0592374e+00   1.6947464e+00
   3.0648977e+00   1.6878187e+00
   3.0705580e+00   1.6794086e+00
   3.0762182e+00   1.6689527e+00
   3.0818785e+00   1.6749040e+00
   3.0875388e+00   1.6785099e+00
   3.0931991e+00   1.6831296e+00
   3.0988594e+00   1.6888307e+00
   3.1045197e+00   1.6939229e+00
   3.1101800e+00   1.6997535e+00
   3.1158402e+00   1.7034447e+00
   3.1215005e+00   1.7036835e+00
   3.1271608e+00   1.7079688e+00
   3.1328211e+00   1.7138533e+00
   3.1384814e+00   1.7213826e+00
   3.1441417e+00   1.7300192e+00
   3.1498019e+00   1.7432672e+00
   3.1554622e+00   1.7716128e+00
   3.1611225e+00   1.8486759e+00
   3.1667828e+00   2.0239981e+00
   3.1724431e+00   2.2776039e+00
   3.1781034e+00   2.5520394e+00
   3.1837637e+00   2.8833903e+00
   3.1894239e+00   3.2426943e+00
   3.1950842e+00   3.4402255e+00
   3.2007445e+00   3.3778661e+00
   3.2064048e+00   3.1702705e+00
   3.2120651e+00   2.8558668e+00
   3.2177254e+00   2.4919657e+00
   3.2233856e+00   2.2123340e+00
   3.2290459e+00   2.0983700e+00
   3.2347062e+00   2.0892690e+00
   3.2403665e+00   2.1242926e+00
   3.2460268e+00   2.1884190e+00
   3.2516871e+00   2.3065225e+00
   3.2573474e+00   2.6904660e+00
   3.2630076e+00   4.5810980e+00
   3.2686679e+00   9.7288633e+00
   3.2743282e+00   1.8302147e+01
   3.2799885e+00   3.0211890e+01
   3.2856488e+00   4.3737208e+01
   3.2913091e+00   4.8433675e+01
   3.2969693e+00   3.8199138e+01
   3.3026296e+00   2.3071040e+01
   3.3082899e+00   1.1653488e+01
   3.3139502e+00   5.5123874e+00
   3.3196105e+00   3.4973290e+00
   3.3252708e+00   3.2785326e+00
   3.3309311e+00   3.4830706e+00
   3.3365913e+00   3.8902123e+00
   3.3422516e+00   4.6674279e+00
   3.3479119e+00   6.3444493e+00
   3.3535722e+00   1.0828027e+01
   3.3592325e+00   2.3411768e+01
   3.3648928e+00   4.8840208e+01
   3.3705530e+00   8.8635929e+01
   3.3762133e+00   1.2813560e+02
   3.3818736e+00   2.0030849e+02
   3.3875339e+00   2.5000000e+02
   3.3931942e+00   2.1709845e+02
   3.3988545e+00   1.4286032e+02
   3.4045148e+00   1.0213063e+02
   3.4101750e+00   6.0333314e+01
   3.4158353e+00   2.9088698e+01
   3.4214956e+00   1.2462784e+01
   3.4271559e+00   6.7705079e+00
   3.4328162e+00   4.6903950e+00
   3.4384765e+00   3.7434713e+00
   3.4441367e+00   3.2244956e+00
   3.4497970e+00   2.8910998e+00
   3.4554573e+00   2.6717521e+00
   3.4611176e+00   2.5157997e+00
   3.4667779e+00   2.3975410e+00
   3.4724382e+00   2.3054796e+00
   3.4780985e+00   2.2410239e+00
   3.4837587e+00   2.1758029e+00
   3.4894190e+00   2.1033761e+00
   3.4950793e+00   2.0555217e+00
   3.5007396e+00   2.0152886e+00
   3.5063999e+00   1.9803668e+00
   3.5120602e+00   1.9495111e+00
   3.5177204e+00   1.9218767e+00
   3.5233807e+00   1.8993226e+00
   3.5290410e+00   1.8801304e+00
   3.5347013e+00   1.8629797e+00
   3.5403616e+00   1.8487569e+00
   3.5460219e+00   1.8354564e+00
   3.5516821e+00   1.8193576e+00
   3.5573424e+00   1.8039083e+00
   3.5630027e+00   1.7913105e+00
   3.5686630e+00   1.7776950e+00
   3.5743233e+00   1.7643549e+00
   3.5799836e+00   1.7532647e+00
   3.5856439e+00   1.7436248e+00
   3.5913041e+00   1.7375548e+00
   3.5969644e+00   1.7315254e+00
   3.6026247e+00   1.7277706e+00
   3.6082850e+00   1.7292180e+00
   3.6139453e+00   1.7330622e+00
   3.6196056e+00   1.7449602e+00
   3.6252658e+00   1.7681136e+00
   3.6309261e+00   1.8122625e+00
   3.6365864e+00   1.8995710e+00
   3.6422467e+00   2.0765098e+00
   3.6479070e+00   2.4273617e+00
   3.6535673e+00   3.0322956e+00
   3.6592276e+00   3.8972927e+00
   3.6648878e+00   4.8804798e+00
   3.6705481e+00   5.7403543e+00
   3.6762084e+00   6.2301360e+00
   3.6818687e+00   6.1570953e+00
   3.6875290e+00   5.5923255e+00
   3.6931893e+00   4.7771897e+00
   3.6988495e+00   3.9356988e+00
   3.7045098e+00   3.2794818e+00
   3.7101701e+00   2.8818369e+00
   3.7158304e+00   2.6920119e+00
   3.7214907e+00   2.6064837e+00
   3.7271510e+00   2.5494869e+00
   3.7328113e+00   2.5076472e+00
   3.7384715e+00   2.4801847e+00
   3.7441318e+00   2.4631252e+00
   3.7497921e+00   2.4397249e+00
   3.7554524e+00   2.4146617e+00
   3.7611127e+00   2.4585082e+00
   3.7667730e+00   2.8851686e+00
   3.7724332e+00   4.3131005e+00
   3.7780935e+00   6.9666993e+00
   3.7837538e+00   1.0328197e+01
   3.7894141e+00   1.4582418e+01
   3.7950744e+00   1.9485874e+01
   3.8007347e+00   2.1321630e+01
   3.8063950e+00   1.7656573e+01
   3.8120552e+00   1.1677420e+01
   3.8177155e+00   6.6118143e+00
   3.8233758e+00   3.5664901e+00
   3.8290361e+00   2.2221253e+00
   3.8346964e+00   1.8287308e+00
   3.8403567e+00   1.7253822e+00
   3.8460169e+00   1.6892400e+00
   3.8516772e+00   1.6812709e+00
   3.8573375e+00   1.6900980e+00
   3.8629978e+00   1.7139373e+00
   3.8686581e+00   1.7507294e+00
   3.8743184e+00   1.8034819e+00
   3.8799787e+00   1.8792177e+00
   3.8856389e+00   1.9780869e+00
   3.8912992e+00   2.0917180e+00
   3.8969595e+00   2.1990896e+00
   3.9026198e+00   2.2249817e+00
   3.9082801e+00   2.1316155e+00
   3.9139404e+00   1.9630286e+00
   3.9196006e+00   1.8042434e+00
   3.9252609e+00   1.6828161e+00
   3.9309212e+00   1.5994485e+00
   3.9365815e+00   1.5411480e+00
   3.9422418e+00   1.5011286e+00
   3.9479021e+00   1.4736708e+00
   3.9535624e+00   1.4539537e+00
   3.9592226e+00   1.4381673e+00
   3.9648829e+00   1.4251328e+00
   3.9705432e+00   1.4160625e+00
   3.9762035e+00   1.4069558e+00
   3.9818638e+00   1.3968235e+00
   3.9875241e+00   1.3891393e+00
   3.9931843e+00   1.3811495e+00
   3.9988446e+00   1.3724925e+00
   4.0045049e+00   1.3658061e+00
   4.0101652e+00   1.3579790e+00
   4.0158255e+00   1.3503800e+00
   4.0214858e+00   1.3445010e+00
   4.0271460e+00   1.3408502e+00
   4.0328063e+00   1.3367622e+00
   4.0384666e+00   1.3338725e+00
   4.0441269e+00   1.3323675e+00
   4.0497872e+00   1.3310588e+00
   4.0554475e+00   1.3303222e+00
   4.0611078e+00   1.3286121e+00
   4.0667680e+00   1.3272675e+00
   4.0724283e+00   1.3274754e+00
   4.0780886e+00   1.3293954e+00
   4.0837489e+00   1.3286678e+00
   4.0894092e+00   1.3266233e+00
   4.0950695e+00   1.3279615e+00
   4.1007297e+00   1.3290208e+00
   4.1063900e+00   1.3310546e+00
   4.1120503e+00   1.3333427e+00
   4.1177106e+00   1.3351585e+00
   4.1233709e+00   1.3356020e+00
   4.1290312e+00   1.3335075e+00
   4.1346915e+00   1.3307703e+00
   4.1403517e+00   1.3267022e+00
   4.1460120e+00   1.3249350e+00
   4.1516723e+00   1.3222905e+00
   4.1573326e+00   1.3197275e+00
   4.1629929e+00   1.3194651e+00
   4.1686532e+00   1.3189423e+00
   4.1743134e+00   1.3234622e+00
   4.1799737e+00   1.3249876e+00
   4.1856340e+00   1.3187020e+00
   4.1912943e+00   1.3198459e+00
   4.1969546e+00   1.3244075e+00
   4.2026149e+00   1.3235155e+00
   4.2082752e+00   1.3233029e+00
   4.2139354e+00   1.3261267e+00
   4.2195957e+00   1.3326163e+00
   4.2252560e+00   1.3438250e+00
   4.2309163e+00   1.3637472e+00
   4.2365766e+00   1.4005430e+00
   4.2422369e+00   1.4714728e+00
   4.2478971e+00   1.5758469e+00
   4.2535574e+00   1.6984953e+00
   4.2592177e+00   1.8182220e+00
   4.2648780e+00   1.9075029e+00
   4.2705383e+00   1.9474492e+00
   4.2761986e+00   1.9266321e+00
   4.2818589e+00   1.8693209e+00
   4.2875191e+00   1.7972407e+00
   4.2931794e+00   1.7489247e+00
   4.2988397e+00   1.7549764e+00
   4.3045000e+00   1.8554068e+00
   4.3101603e+00   2.0975803e+00
   4.3158206e+00   2.5528924e+00
   4.3214808e+00   3.2732475e+00
   4.3271411e+00   4.2829881e+00
   4.3328014e+00   5.4302573e+00
   4.3384617e+00   6.5967835e+00
   4.3441220e+00   7.5332934e+00
   4.3497823e+00   7.8997152e+00
   4.3554426e+00   7.4599718e+00
   4.3611028e+00   6.5445265e+00
   4.3667631e+00   5.4488346e+00
   4.3724234e+00   4.3641077e+00
   4.3780837e+00   3.4019515e+00
   4.3837440e+00   2.6873163e+00
   4.3894043e+00   2.2027559e+00
   4.3950645e+00   1.8940755e+00
   4.4007248e+00   1.7043631e+00
   4.4063851e+00   1.5796718e+00
   4.4120454e+00   1.5034140e+00
   4.4177057e+00   1.4555973e+00
   4.4233660e+00   1.4196587e+00
   4.4290263e+00   1.3889151e+00
   4.4346865e+00   1.3686650e+00
   4.4403468e+00   1.3551268e+00
   4.4460071e+00   1.3452381e+00
   4.4516674e+00   1.3359982e+00
   4.4573277e+00   1.3309966e+00
   4.4629880e+00   1.3252966e+00
   4.4686482e+00   1.3228165e+00
   4.4743085e+00   1.3186423e+00
   4.4799688e+00   1.3150143e+00
   4.4856291e+00   1.3131848e+00
   4.4912894e+00   1.3102685e+00
   4.4969497e+00   1.3099232e+00
   4.5026099e+00   1.3079189e+00
   4.5082702e+00   1.3082151e+00
   4.5139305e+00   1.3096694e+00
   4.5195908e+00   1.3200801e+00
   4.5252511e+00   1.3643715e+00
   4.5309114e+00   1.4235208e+00
   4.5365717e+00   1.4596229e+00
   4.5422319e+00   1.4698025e+00
   4.5478922e+00   1.4578650e+00
   4.5535525e+00   1.4162250e+00
   4.5592128e+00   1.3672023e+00
   4.5648731e+00   1.4066386e+00
   4.5705334e+00   1.4533303e+00
   4.5761936e+00   1.4857203e+00
   4.5818539e+00   1.4875507e+00
   4.5875142e+00   1.4728604e+00
   4.5931745e+00   1.4302798e+00
   4.5988348e+00   1.3810585e+00
   4.6044951e+00   1.3452171e+00
   4.6101554e+00   1.3319508e+00
   4.6158156e+00   1.3365145e+00
   4.6214759e+00   1.3415918e+00
   4.6271362e+00   1.3485722e+00
   4.6327965e+00   1.3628700e+00
   4.6384568e+00   1.3776973e+00
   4.6441171e+00   1.4007258e+00
   4.6497773e+00   1.4249599e+00
   4.6554376e+00   1.4476096e+00
   4.6610979e+00   1.4938197e+00
   4.6667582e+00   1.5813979e+00
   4.6724185e+00   1.7165352e+00
   4.6780788e+00   1.8924129e+00
   4.6837391e+00   2.2350358e+00
   4.6893993e+00   2.8060815e+00
   4.6950596e+00   3.5996839e+00
   4.7007199e+00   4.6113288e+00
   4.7063802e+00   5.6672922e+00
   4.7120405e+00   6.7044057e+00
   4.7177008e+00   7.4916568e+00
   4.7233610e+00   7.6985407e+00
   4.7290213e+00   7.2395332e+00
   4.7346816e+00   6.4796208e+00
   4.7403419e+00   5.6889268e+00
   4.7460022e+00   5.0985994e+00
   4.7516625e+00   5.0004723e+00
   4.7573228e+00   5.7503068e+00
   4.7629830e+00   7.1925176e+00
   4.7686433e+00   9.0756847e+00
   4.7743036e+00   1.0699900e+01
   4.7799639e+00   1.1862509e+01
   4.7856242e+00   1.3064177e+01
   4.7912845e+00   1.4478822e+01
   4.7969447e+00   1.4456275e+01
   4.8026050e+00   1.3098286e+01
   4.8082653e+00   1.1104078e+01
   4.8139256e+00   8.9291688e+00
   4.8195859e+00   6.6958396e+00
   4.8252462e+00   4.8190454e+00
   4.8309065e+00   3.7894345e+00
   4.8365667e+00   3.8667084e+00
   4.8422270e+00   4.8666287e+00
   4.8478873e+00   6.3784192e+00
   4.8535476e+00   7.8668660e+00
   4.8592079e+00   9.5654260e+00
   4.8648682e+00   1.0609162e+01
   4.8705284e+00   9.9386024e+00
   4.8761887e+00   8.0925540e+00
   4.8818490e+00   6.5667552e+00
   4.8875093e+00   4.9365914e+00
   4.8931696e+00   3.4634717e+00
   4.8988299e+00   2.4240006e+00
   4.9044902e+00   1.8747066e+00
   4.9101504e+00   1.6409870e+00
   4.9158107e+00   1.5345220e+00
   4.9214710e+00   1.4759189e+00
   4.9271313e+00   1.4402483e+00
   4.9327916e+00   1.4149666e+00
   4.9384519e+00   1.3959647e+00
   4.9441121e+00   1.3825625e+00
   4.9497724e+00   1.3738282e+00
   4.9554327e+00   1.3650087e+00
   4.9610930e+00   1.3588066e+00
   4.9667533e+00   1.3574037e+00
   4.9724136e+00   1.3553870e+00
   4.9780738e+00   1.3561567e+00
   4.9837341e+00   1.3587855e+00
   4.9893944e+00   1.3646866e+00
   4.9950547e+00   1.3743952e+00
   5.0007150e+00   1.3884389e+00
   5.0063753e+00   1.4120477e+00
   5.0120356e+00   1.4492643e+00
   5.0176958e+00   1.5110466e+00
   5.0233561e+00   1.6253529e+00
   5.0290164e+00   1.8404704e+00
   5.0346767e+00   2.2396056e+00
   5.0403370e+00   2.8990084e+00
   5.0459973e+00   3.7800677e+00
   5.0516575e+00   4.8052303e+00
   5.0573178e+00   5.7556068e+00
   5.0629781e+00   6.6889138e+00
   5.0686384e+00   7.2148868e+00
   5.0742987e+00   6.9386425e+00
   5.0799590e+00   5.9936195e+00
   5.0856193e+00   5.0412321e+00
   5.0912795e+00   4.0423404e+00
   5.0969398e+00   3.1159469e+00
   5.1026001e+00   2.3446361e+00
   5.1082604e+00   1.8397910e+00
   5.1139207e+00   1.5660036e+00
   5.1195810e+00   1.4329172e+00
   5.1252412e+00   1.3676219e+00
   5.1309015e+00   1.3269789e+00
   5.1365618e+00   1.3029111e+00
   5.1422221e+00   1.2884894e+00
   5.1478824e+00   1.2769123e+00
   5.1535427e+00   1.2708784e+00
   5.1592030e+00   1.2642007e+00
   5.1648632e+00   1.2583409e+00
   5.1705235e+00   1.2542991e+00
   5.1761838e+00   1.2499783e+00
   5.1818441e+00   1.2490371e+00
   5.1875044e+00   1.2469110e+00
   5.1931647e+00   1.2464881e+00
   5.1988249e+00   1.2454728e+00
   5.2044852e+00   1.2443969e+00
   5.2101455e+00   1.2442560e+00
   5.2158058e+00   1.2412325e+00
   5.2214661e+00   1.2410974e+00
   5.2271264e+00   1.2389789e+00
   5.2327867e+00   1.2381992e+00
   5.2384469e+00   1.2365366e+00
   5.2441072e+00   1.2338667e+00
   5.2497675e+00   1.2354362e+00
   5.2554278e+00   1.2351304e+00
   5.2610881e+00   1.2391313e+00
   5.2667484e+00   1.2443825e+00
   5.2724086e+00   1.2714356e+00
   5.2780689e+00   1.2792406e+00
   5.2837292e+00   1.2886083e+00
   5.2893895e+00   1.2837931e+00
   5.2950498e+00   1.2769198e+00
   5.3007101e+00   1.2777955e+00
   5.3063704e+00   1.2808462e+00
   5.3120306e+00   1.2751244e+00
   5.3176909e+00   1.2907480e+00
   5.3233512e+00   1.3313305e+00
   5.3290115e+00   1.4664669e+00
   5.3346718e+00   1.8747385e+00
   5.3403321e+00   2.6827181e+00
   5.3459923e+00   3.8369037e+00
   5.3516526e+00   5.0664685e+00
   5.3573129e+00   6.4720413e+00
   5.3629732e+00   8.2749486e+00
   5.3686335e+00   1.0106931e+01
   5.3742938e+00   1.0759983e+01
   5.3799541e+00   9.7604981e+00
   5.3856143e+00   7.7248972e+00
   5.3912746e+00   5.6497535e+00
   5.3969349e+00   3.8992965e+00
   5.4025952e+00   2.6015700e+00
   5.4082555e+00   1.8325079e+00
   5.4139158e+00   1.4870520e+00
   5.4195760e+00   1.3749616e+00
   5.4252363e+00   1.3415593e+00
   5.4308966e+00   1.3363889e+00
   5.4365569e+00   1.3445834e+00
   5.4422172e+00   1.3433972e+00
   5.4478775e+00   1.3419267e+00
   5.4535377e+00   1.3511648e+00
   5.4591980e+00   1.3747581e+00
   5.4648583e+00   1.4152594e+00
   5.4705186e+00   1.4797458e+00
   5.4761789e+00   1.5780841e+00
   5.4818392e+00   1.7208152e+00
   5.4874995e+00   1.8988386e+00
   5.4931597e+00   2.1034803e+00
   5.4988200e+00   2.2831438e+00
   5.5044803e+00   2.4220699e+00
   5.5101406e+00   2.5183508e+00
   5.5158009e+00   2.5855554e+00
   5.5214612e+00   2.6249552e+00
   5.5271214e+00   2.6172831e+00
   5.5327817e+00   2.5444855e+00
   5.5384420e+00   2.4015393e+00
   5.5441023e+00   2.2367407e+00
   5.5497626e+00   2.0862487e+00
   5.5554229e+00   1.9687008e+00
   5.5610832e+00   1.8607661e+00
   5.5667434e+00   1.7559195e+00
   5.5724037e+00   1.6632747e+00
   5.5780640e+00   1.6082197e+00
   5.5837243e+00   1.6188201e+00
   5.5893846e+00   1.7257675e+00
   5.5950449e+00   1.9596801e+00
   5.6007051e+00   2.3395829e+00
   5.6063654e+00   2.8349375e+00
   5.6120257e+00   3.4208897e+00
   5.6176860e+00   4.0593198e+00
   5.6233463e+00   4.6726822e+00
   5.6290066e+00   5.1766114e+00
   5.6346669e+00   5.3457512e+00
   5.6403271e+00   5.1337038e+00
   5.6459874e+00   4.6499295e+00
   5.6516477e+00   4.1096115e+00
   5.6573080e+00   3.5877727e+00
   5.6629683e+00   3.1548284e+00
   5.6686286e+00   2.8328336e+00
   5.6742888e+00   2.6583274e+00
   5.6799491e+00   2.6033540e+00
   5.6856094e+00   2.6267811e+00
   5.6912697e+00   2.6721669e+00
   5.6969300e+00   2.6674701e+00
   5.7025903e+00   2.5812763e+00
   5.7082506e+00   2.4334973e+00
   5.7139108e+00   2.2555938e+00
   5.7195711e+00   2.0603205e+00
   5.7252314e+00   1.8622015e+00
   5.7308917e+00   1.6988305e+00
   5.7365520e+00   1.5788069e+00
   5.7422123e+00   1.5061643e+00
   5.7478725e+00   1.4664808e+00
   5.7535328e+00   1.4468755e+00
   5.7591931e+00   1.4452843e+00
   5.7648534e+00   1.4498143e+00
   5.7705137e+00   1.4610634e+00
   5.7761740e+00   1.4847444e+00
   5.7818343e+00   1.5262484e+00
   5.7874945e+00   1.5924662e+00
   5.7931548e+00   1.6848156e+00
   5.7988151e+00   1.8068391e+00
   5.8044754e+00   1.9813472e+00
   5.8101357e+00   2.2706307e+00
   5.8157960e+00   2.8584029e+00
   5.8214562e+00   4.0156781e+00
   5.8271165e+00   5.9243883e+00
   5.8327768e+00   8.5383976e+00
   5.8384371e+00   1.1216591e+01
   5.8440974e+00   1.3490479e+01
   5.8497577e+00   1.5484399e+01
   5.8554180e+00   1.8812296e+01
   5.8610782e+00   2.2759535e+01
   5.8667385e+00   2.5390781e+01
   5.8723988e+00   2.4739058e+01
   5.8780591e+00   2.1377374e+01
   5.8837194e+00   1.7371999e+01
   5.8893797e+00   1.4780524e+01
   5.8950399e+00   1.3362245e+01
   5.9007002e+00   1.1401388e+01
   5.9063605e+00   9.2941835e+00
   5.9120208e+00   7.4790483e+00
   5.9176811e+00   6.3772061e+00
   5.9233414e+00   5.9132112e+00
   5.9290016e+00   5.8008221e+00
   5.9346619e+00   5.5434258e+00
   5.9403222e+00   5.0236048e+00
   5.9459825e+00   4.4597336e+00
   5.9516428e+00   3.8722073e+00
   5.9573031e+00   3.2779936e+00
   5.9629634e+00   2.7214878e+00
   5.9686236e+00   2.2695712e+00
   5.9742839e+00   1.9475714e+00
   5.9799442e+00   1.7310072e+00
   5.9856045e+00   1.5947452e+00
   5.9912648e+00   1.5073726e+00
   5.9969251e+00   1.4488257e+00
   6.0025853e+00   1.4095892e+00
   6.0082456e+00   1.3789650e+00
   6.0139059e+00   1.3582985e+00
   6.0195662e+00   1.3412809e+00
   6.0252265e+00   1.3289057e+00
   6.0308868e+00   1.3225389e+00
   6.0365471e+00   1.3194796e+00
   6.0422073e+00   1.3218253e+00
   6.0478676e+00   1.3325969e+00
   6.0535279e+00   1.3534517e+00
   6.0591882e+00   1.3914562e+00
   6.0648485e+00   1.4451744e+00
   6.0705088e+00   1.5132935e+00
   6.0761690e+00   1.5902318e+00
   6.0818293e+00   1.6653308e+00
   6.0874896e+00   1.7293265e+00
   6.0931499e+00   1.7702734e+00
   6.0988102e+00   1.7870845e+00
   6.1044705e+00   1.7743347e+00
   6.1101308e+00   1.7373408e+00
   6.1157910e+00   1.6759716e+00
   6.1214513e+00   1.6015430e+00
   6.1271116e+00   1.5184194e+00
   6.1327719e+00   1.4386080e+00
   6.1384322e+00   1.3719506e+00
   6.1440925e+00   1.3221824e+00
   6.1497527e+00   1.2893951e+00
   6.1554130e+00   1.2700528e+00
   6.1610733e+00   1.2671003e+00
   6.1667336e+00   1.2767694e+00
   6.1723939e+00   1.2905481e+00
   6.1780542e+00   1.2918737e+00
   6.1837145e+00   1.2887687e+00
   6.1893747e+00   1.2842149e+00
   6.1950350e+00   1.2933146e+00
   6.2006953e+00   1.2900432e+00
   6.2063556e+00   1.2697239e+00
   6.2120159e+00   1.2501935e+00
   6.2176762e+00   1.2523960e+00
   6.2233364e+00   1.2577159e+00
   6.2289967e+00   1.2661778e+00
   6.2346570e+00   1.2799557e+00
   6.2403173e+00   1.3038177e+00
   6.2459776e+00   1.3604220e+00
   6.2516379e+00   1.5098023e+00
   6.2572982e+00   1.8458300e+00
   6.2629584e+00   2.4332228e+00
   6.2686187e+00   3.2052650e+00
   6.2742790e+00   4.0716249e+00
   6.2799393e+00   4.9671779e+00
   6.2855996e+00   6.0835565e+00
   6.2912599e+00   7.6286832e+00
   6.2969201e+00   9.1258302e+00
   6.3025804e+00   9.7817225e+00
   6.3082407e+00   9.1092968e+00
   6.3139010e+00   7.5627681e+00
   6.3195613e+00   5.8162555e+00
   6.3252216e+00   4.3135179e+00
   6.3308819e+00   3.1078725e+00
   6.3365421e+00   2.2493180e+00
   6.3422024e+00   1.7160252e+00
   6.3478627e+00   1.4585494e+00
   6.3535230e+00   1.3592219e+00
   6.3591833e+00   1.3237848e+00
   6.3648436e+00   1.3108628e+00
   6.3705038e+00   1.3080659e+00
   6.3761641e+00   1.3135004e+00
   6.3818244e+00   1.3244305e+00
   6.3874847e+00   1.3365956e+00
   6.3931450e+00   1.3499006e+00
   6.3988053e+00   1.3656651e+00
   6.4044656e+00   1.3838161e+00
   6.4101258e+00   1.4047873e+00
   6.4157861e+00   1.4305881e+00
   6.4214464e+00   1.4626095e+00
   6.4271067e+00   1.5032889e+00
   6.4327670e+00   1.5554923e+00
   6.4384273e+00   1.6216571e+00
   6.4440875e+00   1.6995711e+00
   6.4497478e+00   1.7849465e+00
   6.4554081e+00   1.8685698e+00
   6.4610684e+00   1.9438908e+00
   6.4667287e+00   2.0064728e+00
   6.4723890e+00   2.0547925e+00
   6.4780492e+00   2.0915033e+00
   6.4837095e+00   2.1227780e+00
   6.4893698e+00   2.1600419e+00
   6.4950301e+00   2.2042246e+00
   6.5006904e+00   2.2560233e+00
   6.5063507e+00   2.3080314e+00
   6.5120110e+00   2.3377825e+00
   6.5176712e+00   2.3530058e+00
   6.5233315e+00   2.3668433e+00
   6.5289918e+00   2.3587177e+00
   6.5346521e+00   2.3438225e+00
   6.5403124e+00   2.3554386e+00
   6.5459727e+00   2.4147892e+00
   6.5516329e+00   2.5019472e+00
   6.5572932e+00   2.5975224e+00
   6.5629535e+00   2.7017445e+00
   6.5686138e+00   2.8703047e+00
   6.5742741e+00   3.1163081e+00
   6.5799344e+00   3.3177456e+00
   6.5855947e+00   3.2979382e+00
   6.5912549e+00   3.0378712e+00
   6.5969152e+00   2.6742957e+00
   6.6025755e+00   2.3177840e+00
   6.6082358e+00   2.0057762e+00
   6.6138961e+00   1.7488152e+00
   6.6195564e+00   1.5773522e+00
   6.6252166e+00   1.4884133e+00
   6.6308769e+00   1.4592721e+00
   6.6365372e+00   1.4590671e+00
   6.6421975e+00   1.4670584e+00
   6.6478578e+00   1.4738674e+00
   6.6535181e+00   1.4761295e+00
   6.6591784e+00   1.4718707e+00
   6.6648386e+00   1.4624615e+00
   6.6704989e+00   1.4501217e+00
   6.6761592e+00   1.4370102e+00
   6.6818195e+00   1.4264141e+00
   6.6874798e+00   1.4218824e+00
   6.6931401e+00   1.4265827e+00
   6.6988003e+00   1.4443983e+00
   6.7044606e+00   1.4831526e+00
   6.7101209e+00   1.5550875e+00
   6.7157812e+00   1.6986689e+00
   6.7214415e+00   1.9724353e+00
   6.7271018e+00   2.4499821e+00
   6.7327621e+00   3.1962502e+00
   6.7384223e+00   4.1036893e+00
   6.7440826e+00   5.1116905e+00
   6.7497429e+00   5.9671204e+00
   6.7554032e+00   6.6812371e+00
   6.7610635e+00   7.5412052e+00
   6.7667238e+00   9.3251217e+00
   6.7723840e+00   1.1242161e+01
   6.7780443e+00   1.1989219e+01
   6.7837046e+00   1.1391175e+01
   6.7893649e+00   9.5849725e+00
   6.7950252e+00   7.7266877e+00
   6.8006855e+00   6.7569987e+00
   6.8063458e+00   6.0965215e+00
   6.8120060e+00   5.2595481e+00
   6.8176663e+00   4.3079095e+00
   6.8233266e+00   3.3526150e+00
   6.8289869e+00   2.6119185e+00
   6.8346472e+00   2.0625890e+00
   6.8403075e+00   1.7248780e+00
   6.8459677e+00   1.5516960e+00
   6.8516280e+00   1.4330553e+00
   6.8572883e+00   1.3829250e+00
   6.8629486e+00   1.3194732e+00
   6.8686089e+00   1.2595576e+00
   6.8742692e+00   1.2376887e+00
   6.8799295e+00   1.2191407e+00
   6.8855897e+00   1.2033923e+00
   6.8912500e+00   1.1911308e+00
   6.8969103e+00   1.1825423e+00
   6.9025706e+00   1.1756018e+00
   6.9082309e+00   1.1689819e+00
   6.9138912e+00   1.1625078e+00
   6.9195514e+00   1.1567536e+00
   6.9252117e+00   1.1523122e+00
   6.9308720e+00   1.1487815e+00
   6.9365323e+00   1.1452776e+00
   6.9421926e+00   1.1421270e+00
   6.9478529e+00   1.1399767e+00
   6.9535131e+00   1.1376628e+00
   6.9591734e+00   1.1359225e+00
   6.9648337e+00   1.1330679e+00
   6.9704940e+00   1.1305914e+00
   6.9761543e+00   1.1284719e+00
   6.9818146e+00   1.1275566e+00
   6.9874749e+00   1.1268716e+00
   6.9931351e+00   1.1252628e+00
   6.9987954e+00   1.1242461e+00
   7.0044557e+00   1.1249350e+00
   7.0101160e+00   1.1258514e+00
   7.0157763e+00   1.1253698e+00
   7.0214366e+00   1.1236399e+00
   7.0270968e+00   1.1234391e+00
   7.0327571e+00   1.1221464e+00
   7.0384174e+00   1.1221734e+00
   7.0440777e+00   1.1235236e+00
   7.0497380e+00   1.1255710e+00
   7.0553983e+00   1.1288558e+00
   7.0610586e+00   1.1352037e+00
   7.0667188e+00   1.1455745e+00
   7.0723791e+00   1.1603946e+00
   7.0780394e+00   1.1806292e+00
   7.0836997e+00   1.2103486e+00
   7.0893600e+00   1.2426917e+00
   7.0950203e+00   1.2728119e+00
   7.1006805e+00   1.2980980e+00
   7.1063408e+00   1.3186932e+00
   7.1120011e+00   1.3306051e+00
   7.1176614e+00   1.3427978e+00
   7.1233217e+00   1.3780883e+00
   7.1289820e+00   1.3977307e+00
   7.1346423e+00   1.3979900e+00
   7.1403025e+00   1.3705881e+00
   7.1459628e+00   1.3346548e+00
   7.1516231e+00   1.2921462e+00
   7.1572834e+00   1.2740872e+00
   7.1629437e+00   1.2735201e+00
   7.1686040e+00   1.2759538e+00
   7.1742642e+00   1.2811464e+00
   7.1799245e+00   1.2875863e+00
   7.1855848e+00   1.3105483e+00
   7.1912451e+00   1.3393738e+00
   7.1969054e+00   1.3659822e+00
   7.2025657e+00   1.3881270e+00
   7.2082260e+00   1.4039714e+00
   7.2138862e+00   1.4105521e+00
   7.2195465e+00   1.4060906e+00
   7.2252068e+00   1.3936739e+00
   7.2308671e+00   1.3730130e+00
   7.2365274e+00   1.3453434e+00
   7.2421877e+00   1.3146748e+00
   7.2478479e+00   1.2889576e+00
   7.2535082e+00   1.2628700e+00
   7.2591685e+00   1.2289432e+00
   7.2648288e+00   1.2162731e+00
   7.2704891e+00   1.1997131e+00
   7.2761494e+00   1.1878236e+00
   7.2818097e+00   1.1826482e+00
   7.2874699e+00   1.1691841e+00
   7.2931302e+00   1.1691919e+00
   7.2987905e+00   1.1773909e+00
   7.3044508e+00   1.1878651e+00
   7.3101111e+00   1.2030161e+00
   7.3157714e+00   1.2254732e+00
   7.3214316e+00   1.2527974e+00
   7.3270919e+00   1.2843844e+00
   7.3327522e+00   1.3154898e+00
   7.3384125e+00   1.3476027e+00
   7.3440728e+00   1.3927566e+00
   7.3497331e+00   1.4614282e+00
   7.3553934e+00   1.5241642e+00
   7.3610536e+00   1.5585732e+00
   7.3667139e+00   1.5939595e+00
   7.3723742e+00   1.6316279e+00
   7.3780345e+00   1.6451782e+00
   7.3836948e+00   1.6646727e+00
   7.3893551e+00   1.6997024e+00
   7.3950153e+00   1.7156817e+00
   7.4006756e+00   1.7093073e+00
   7.4063359e+00   1.7117972e+00
   7.4119962e+00   1.7383817e+00
   7.4176565e+00   1.7961778e+00
   7.4233168e+00   1.8731560e+00
   7.4289770e+00   1.9571316e+00
   7.4346373e+00   2.0463784e+00
   7.4402976e+00   2.1426357e+00
   7.4459579e+00   2.2508984e+00
   7.4516182e+00   2.3622532e+00
   7.4572785e+00   2.4647514e+00
   7.4629388e+00   2.5601297e+00
   7.4685990e+00   2.6424106e+00
   7.4742593e+00   2.7006689e+00
   7.4799196e+00   2.7199783e+00
   7.4855799e+00   2.7076759e+00
   7.4912402e+00   2.6849781e+00
   7.4969005e+00   2.6564718e+00
   7.5025607e+00   2.6179551e+00
   7.5082210e+00   2.5933683e+00
   7.5138813e+00   2.6980351e+00
   7.5195416e+00   1.5569386e+01
   7.5252019e+00   1.5014116e+01
   7.5308622e+00   3.3928651e+00
   7.5365225e+00   3.8765512e+00
   7.5421827e+00   4.3913742e+00
   7.5478430e+00   4.8769973e+00
   7.5535033e+00   5.2869349e+00
   7.5591636e+00   5.7060975e+00
   7.5648239e+00   6.2421423e+00
   7.5704842e+00   6.8358147e+00
   7.5761444e+00   7.2432425e+00
   7.5818047e+00   7.3100850e+00
   7.5874650e+00   7.0838569e+00
   7.5931253e+00   6.6737634e+00
   7.5987856e+00   6.2125569e+00
   7.6044459e+00   5.7061097e+00
   7.6101062e+00   5.2119013e+00
   7.6157664e+00   4.7068470e+00
   7.6214267e+00   4.1429731e+00
   7.6270870e+00   3.5753719e+00
   7.6327473e+00   3.0981842e+00
   7.6384076e+00   2.7781991e+00
   7.6440679e+00   2.6314122e+00
   7.6497281e+00   2.6128312e+00
   7.6553884e+00   2.6663896e+00
   7.6610487e+00   2.7553808e+00
   7.6667090e+00   2.8522742e+00
   7.6723693e+00   2.9107188e+00
   7.6780296e+00   2.8842608e+00
   7.6836899e+00   2.7711535e+00
   7.6893501e+00   2.6101251e+00
   7.6950104e+00   2.4357752e+00
   7.7006707e+00   2.2469768e+00
   7.7063310e+00   2.0492759e+00
   7.7119913e+00   1.8529191e+00
   7.7176516e+00   1.6762096e+00
   7.7233118e+00   1.5304651e+00
   7.7289721e+00   1.4238355e+00
   7.7346324e+00   1.3528717e+00
   7.7402927e+00   1.3064005e+00
   7.7459530e+00   1.2816940e+00
   7.7516133e+00   1.2751174e+00
   7.7572736e+00   1.2820093e+00
   7.7629338e+00   1.3031232e+00
   7.7685941e+00   1.3363152e+00
   7.7742544e+00   1.3769751e+00
   7.7799147e+00   1.4209873e+00
   7.7855750e+00   1.4616440e+00
   7.7912353e+00   1.4986078e+00
   7.7968955e+00   1.5270790e+00
   7.8025558e+00   1.5449882e+00
   7.8082161e+00   1.5499441e+00
   7.8138764e+00   1.5421700e+00
   7.8195367e+00   1.5223628e+00
   7.8251970e+00   1.4938391e+00
   7.8308573e+00   1.4567459e+00
   7.8365175e+00   1.4112697e+00
   7.8421778e+00   1.3637090e+00
   7.8478381e+00   1.3180620e+00
   7.8534984e+00   1.2777556e+00
   7.8591587e+00   1.2436463e+00
   7.8648190e+00   1.2152332e+00
   7.8704792e+00   1.1952929e+00
   7.8761395e+00   1.1792073e+00
   7.8817998e+00   1.1671054e+00
   7.8874601e+00   1.1575266e+00
   7.8931204e+00   1.1498130e+00
   7.8987807e+00   1.1452663e+00
   7.9044409e+00   1.1415174e+00
   7.9101012e+00   1.1392440e+00
   7.9157615e+00   1.1372572e+00
   7.9214218e+00   1.1356457e+00
   7.9270821e+00   1.1355041e+00
   7.9327424e+00   1.1356365e+00
   7.9384027e+00   1.1346148e+00
   7.9440629e+00   1.1332941e+00
   7.9497232e+00   1.1332921e+00
   7.9553835e+00   1.1342239e+00
   7.9610438e+00   1.1353694e+00
   7.9667041e+00   1.1372104e+00
   7.9723644e+00   1.1382749e+00
   7.9780246e+00   1.1396585e+00
   7.9836849e+00   1.1413377e+00
   7.9893452e+00   1.1416400e+00
   7.9950055e+00   1.1451550e+00
   8.0006658e+00   1.1478754e+00
   8.0063261e+00   1.1515413e+00
   8.0119864e+00   1.1560205e+00
   8.0176466e+00   1.1626703e+00
   8.0233069e+00   1.1712306e+00
   8.0289672e+00   1.1814916e+00
   8.0346275e+00   1.1951574e+00
   8.0402878e+00   1.2107691e+00
   8.0459481e+00   1.2315800e+00
   8.0516083e+00   1.2583993e+00
   8.0572686e+00   1.2890458e+00
   8.0629289e+00   1.3248185e+00
   8.0685892e+00   1.3615793e+00
   8.0742495e+00   1.4010672e+00
   8.0799098e+00   1.4419818e+00
   8.0855701e+00   1.4846992e+00
   8.0912303e+00   1.5323252e+00
   8.0968906e+00   1.5821664e+00
   8.1025509e+00   1.6382758e+00
   8.1082112e+00   1.6974162e+00
   8.1138715e+00   1.7554396e+00
   8.1195318e+00   1.8072997e+00
   8.1251920e+00   1.8470465e+00
   8.1308523e+00   1.8750882e+00
   8.1365126e+00   1.8879566e+00
   8.1421729e+00   1.8877432e+00
   8.1478332e+00   1.8696798e+00
   8.1534935e+00   1.8320425e+00
   8.1591538e+00   1.7822502e+00
   8.1648140e+00   1.7198447e+00
   8.1704743e+00   1.6517655e+00
   8.1761346e+00   1.5771902e+00
   8.1817949e+00   1.5038961e+00
   8.1874552e+00   1.4343662e+00
   8.1931155e+00   1.3729319e+00
   8.1987757e+00   1.3261412e+00
   8.2044360e+00   1.2928066e+00
   8.2100963e+00   1.2736632e+00
   8.2157566e+00   1.2682216e+00
   8.2214169e+00   1.2864298e+00
   8.2270772e+00   1.3409991e+00
   8.2327375e+00   1.4439918e+00
   8.2383977e+00   1.6073345e+00
   8.2440580e+00   1.8350792e+00
   8.2497183e+00   2.1068270e+00
   8.2553786e+00   2.4075705e+00
   8.2610389e+00   2.7031452e+00
   8.2666992e+00   2.9952750e+00
   8.2723594e+00   3.3062212e+00
   8.2780197e+00   3.6324669e+00
   8.2836800e+00   3.9128355e+00
   8.2893403e+00   4.0344293e+00
   8.2950006e+00   3.9770556e+00
   8.3006609e+00   3.7816645e+00
   8.3063212e+00   3.5491322e+00
   8.3119814e+00   3.3577324e+00
   8.3176417e+00   3.2353131e+00
   8.3233020e+00   3.1520434e+00
   8.3289623e+00   3.0789730e+00
   8.3346226e+00   2.9917008e+00
   8.3402829e+00   2.8683464e+00
   8.3459431e+00   2.7131859e+00
   8.3516034e+00   2.5338805e+00
   8.3572637e+00   2.3510053e+00
   8.3629240e+00   2.1826219e+00
   8.3685843e+00   2.0361733e+00
   8.3742446e+00   1.9194919e+00
   8.3799048e+00   1.8332433e+00
   8.3855651e+00   1.7758188e+00
   8.3912254e+00   1.7471904e+00
   8.3968857e+00   1.7295349e+00
   8.4025460e+00   1.7203853e+00
   8.4082063e+00   1.7253452e+00
   8.4138666e+00   1.7328446e+00
   8.4195268e+00   1.7464006e+00
   8.4251871e+00   1.7612122e+00
   8.4308474e+00   1.7753905e+00
   8.4365077e+00   1.7837476e+00
   8.4421680e+00   1.7995368e+00
   8.4478283e+00   1.8397504e+00
   8.4534885e+00   1.8959498e+00
   8.4591488e+00   1.9614999e+00
   8.4648091e+00   2.0225473e+00
   8.4704694e+00   2.0781456e+00
   8.4761297e+00   2.1398380e+00
   8.4817900e+00   2.2306579e+00
   8.4874503e+00   2.3692141e+00
   8.4931105e+00   2.5449813e+00
   8.4987708e+00   2.7097223e+00
   8.5044311e+00   2.7977146e+00
   8.5100914e+00   2.7819109e+00
   8.5157517e+00   2.6855208e+00
   8.5214120e+00   2.5444785e+00
   8.5270722e+00   2.3942634e+00
   8.5327325e+00   2.2415235e+00
   8.5383928e+00   2.1041950e+00
   8.5440531e+00   1.9890307e+00
   8.5497134e+00   1.9037840e+00
   8.5553737e+00   1.8463445e+00
   8.5610340e+00   1.8080470e+00
   8.5666942e+00   1.7791891e+00
   8.5723545e+00   1.7535236e+00
   8.5780148e+00   1.7322156e+00
   8.5836751e+00   1.7131874e+00
   8.5893354e+00   1.6981011e+00
   8.5949957e+00   1.6874057e+00
   8.6006559e+00   1.7324449e+00
   8.6063162e+00   1.7244064e+00
   8.6119765e+00   1.6942367e+00
   8.6176368e+00   1.7019967e+00
   8.6232971e+00   1.7072253e+00
   8.6289574e+00   1.7047270e+00
   8.6346177e+00   1.6971953e+00
   8.6402779e+00   1.6805510e+00
   8.6459382e+00   1.6591732e+00
   8.6515985e+00   1.6326138e+00
   8.6572588e+00   1.6033629e+00
   8.6629191e+00   1.5733784e+00
   8.6685794e+00   1.5411160e+00
   8.6742396e+00   1.5112614e+00
   8.6798999e+00   1.4832290e+00
   8.6855602e+00   1.4608124e+00
   8.6912205e+00   1.4440575e+00
   8.6968808e+00   1.4318721e+00
   8.7025411e+00   1.4291150e+00
   8.7082014e+00   1.4314395e+00
   8.7138616e+00   1.4188563e+00
   8.7195219e+00   1.4084507e+00
   8.7251822e+00   1.3753044e+00
   8.7308425e+00   1.3400286e+00
   8.7365028e+00   1.3189245e+00
   8.7421631e+00   1.3026921e+00
   8.7478233e+00   1.2906377e+00
   8.7534836e+00   1.2831709e+00
   8.7591439e+00   1.2822713e+00
   8.7648042e+00   1.2878848e+00
   8.7704645e+00   1.3015428e+00
   8.7761248e+00   1.3236904e+00
   8.7817851e+00   1.3508856e+00
   8.7874453e+00   1.3818857e+00
   8.7931056e+00   1.4102966e+00
   8.7987659e+00   1.4373841e+00
   8.8044262e+00   1.4590542e+00
   8.8100865e+00   1.4737230e+00
   8.8157468e+00   1.4860020e+00
   8.8214070e+00   1.4916513e+00
   8.8270673e+00   1.4953878e+00
   8.8327276e+00   1.4940669e+00
   8.8383879e+00   1.4890924e+00
   8.8440482e+00   1.4797803e+00
   8.8497085e+00   1.4631785e+00
   8.8553687e+00   1.4463233e+00
   8.8610290e+00   1.4327493e+00
   8.8666893e+00   1.4291647e+00
   8.8723496e+00   1.4374692e+00
   8.8780099e+00   1.4606950e+00
   8.8836702e+00   1.5032839e+00
   8.8893305e+00   1.5762437e+00
   8.8949907e+00   1.7024302e+00
   8.9006510e+00   1.9068047e+00
   8.9063113e+00   2.2027459e+00
   8.9119716e+00   2.5920770e+00
   8.9176319e+00   3.0388378e+00
   8.9232922e+00   3.4898345e+00
   8.9289524e+00   3.8949317e+00
   8.9346127e+00   4.2013700e+00
   8.9402730e+00   4.4303937e+00
   8.9459333e+00   4.6881917e+00
   8.9515936e+00   5.2363389e+00
   8.9572539e+00   6.0839023e+00
   8.9629142e+00   6.8962001e+00
   8.9685744e+00   7.4099445e+00
   8.9742347e+00   7.4223124e+00
   8.9798950e+00   6.9215114e+00
   8.9855553e+00   6.0513691e+00
   8.9912156e+00   5.1494334e+00
   8.9968759e+00   4.5411020e+00
   9.0025361e+00   4.2337318e+00
   9.0081964e+00   3.9627076e+00
   9.0138567e+00   3.6282289e+00
   9.0195170e+00   3.2218717e+00
   9.0251773e+00   2.7797033e+00
   9.0308376e+00   2.3716415e+00
   9.0364979e+00   2.0269616e+00
   9.0421581e+00   1.7803229e+00
   9.0478184e+00   1.6284563e+00
   9.0534787e+00   1.5491039e+00
   9.0591390e+00   1.5170388e+00
   9.0647993e+00   1.5081876e+00
   9.0704596e+00   1.5102999e+00
   9.0761198e+00   1.5203733e+00
   9.0817801e+00   1.5228861e+00
   9.0874404e+00   1.5183259e+00
   9.0931007e+00   1.5110558e+00
   9.0987610e+00   1.4974567e+00
   9.1044213e+00   1.4759038e+00
   9.1100816e+00   1.4490690e+00
   9.1157418e+00   1.4205502e+00
   9.1214021e+00   1.3879458e+00
   9.1270624e+00   1.3518938e+00
   9.1327227e+00   1.3164757e+00
   9.1383830e+00   1.2835928e+00
   9.1440433e+00   1.2561903e+00
   9.1497035e+00   1.2319665e+00
   9.1553638e+00   1.2127595e+00
   9.1610241e+00   1.1979885e+00
   9.1666844e+00   1.1866437e+00
   9.1723447e+00   1.1801595e+00
   9.1780050e+00   1.1738908e+00
   9.1836653e+00   1.1707961e+00
   9.1893255e+00   1.1674338e+00
   9.1949858e+00   1.1661912e+00
   9.2006461e+00   1.1674558e+00
   9.2063064e+00   1.1685871e+00
   9.2119667e+00   1.1715402e+00
   9.2176270e+00   1.1735665e+00
   9.2232872e+00   1.1755093e+00
   9.2289475e+00   1.1784452e+00
   9.2346078e+00   1.1833818e+00
   9.2402681e+00   1.1933283e+00
   9.2459284e+00   1.2062399e+00
   9.2515887e+00   1.2282811e+00
   9.2572490e+00   1.2628221e+00
   9.2629092e+00   1.3076732e+00
   9.2685695e+00   1.3630089e+00
   9.2742298e+00   1.4228097e+00
   9.2798901e+00   1.4823533e+00
   9.2855504e+00   1.5380620e+00
   9.2912107e+00   1.5952087e+00
   9.2968709e+00   1.6679415e+00
   9.3025312e+00   1.7571932e+00
   9.3081915e+00   1.8533164e+00
   9.3138518e+00   1.9200902e+00
   9.3195121e+00   1.9420860e+00
   9.3251724e+00   1.9149752e+00
   9.3308327e+00   1.8409851e+00
   9.3364929e+00   1.7421557e+00
   9.3421532e+00   1.6288360e+00
   9.3478135e+00   1.5207687e+00
   9.3534738e+00   1.4214155e+00
   9.3591341e+00   1.3372713e+00
   9.3647944e+00   1.2747861e+00
   9.3704546e+00   1.2321343e+00
   9.3761149e+00   1.2110644e+00
   9.3817752e+00   1.2047808e+00
   9.3874355e+00   1.2102767e+00
   9.3930958e+00   1.2258159e+00
   9.3987561e+00   1.2438818e+00
   9.4044163e+00   1.2685352e+00
   9.4100766e+00   1.2978295e+00
   9.4157369e+00   1.3282623e+00
   9.4213972e+00   1.3564304e+00
   9.4270575e+00   1.3848011e+00
   9.4327178e+00   1.4118147e+00
   9.4383781e+00   1.4347373e+00
   9.4440383e+00   1.4529130e+00
   9.4496986e+00   1.4635644e+00
   9.4553589e+00   1.4650617e+00
   9.4610192e+00   1.4594886e+00
   9.4666795e+00   1.4476585e+00
   9.4723398e+00   1.4311324e+00
   9.4780000e+00   1.4103896e+00
   9.4836603e+00   1.3861075e+00
   9.4893206e+00   1.3609771e+00
   9.4949809e+00   1.3343418e+00
   9.5006412e+00   1.3101321e+00
   9.5063015e+00   1.2928627e+00
   9.5119618e+00   1.2800913e+00
   9.5176220e+00   1.2754323e+00
   9.5232823e+00   1.2811273e+00
   9.5289426e+00   1.2962898e+00
   9.5346029e+00   1.3205811e+00
   9.5402632e+00   1.3532398e+00
   9.5459235e+00   1.3885467e+00
   9.5515837e+00   1.4189327e+00
   9.5572440e+00   1.4432227e+00
   9.5629043e+00   1.4621881e+00
   9.5685646e+00   1.4747151e+00
   9.5742249e+00   1.4810492e+00
   9.5798852e+00   1.4847498e+00
   9.5855455e+00   1.4901185e+00
   9.5912057e+00   1.4972126e+00
   9.5968660e+00   1.5006930e+00
   9.6025263e+00   1.5009160e+00
   9.6081866e+00   1.4987631e+00
   9.6138469e+00   1.4916437e+00
   9.6195072e+00   1.4827779e+00
   9.6251674e+00   1.4711887e+00
   9.6308277e+00   1.4525590e+00
   9.6364880e+00   1.4261638e+00
   9.6421483e+00   1.3919703e+00
   9.6478086e+00   1.3555606e+00
   9.6534689e+00   1.3220860e+00
   9.6591292e+00   1.2918000e+00
   9.6647894e+00   1.2664124e+00
   9.6704497e+00   1.2511354e+00
   9.6761100e+00   1.2448635e+00
   9.6817703e+00   1.2463266e+00
   9.6874306e+00   1.2558075e+00
   9.6930909e+00   1.2722953e+00
   9.6987511e+00   1.2922401e+00
   9.7044114e+00   1.3165532e+00
   9.7100717e+00   1.3392432e+00
   9.7157320e+00   1.3594314e+00
   9.7213923e+00   1.3777903e+00
   9.7270526e+00   1.3926357e+00
   9.7327129e+00   1.4026831e+00
   9.7383731e+00   1.4122368e+00
   9.7440334e+00   1.4190344e+00
   9.7496937e+00   1.4210883e+00
   9.7553540e+00   1.4188995e+00
   9.7610143e+00   1.4154971e+00
   9.7666746e+00   1.4128097e+00
   9.7723348e+00   1.4086341e+00
   9.7779951e+00   1.4023673e+00
   9.7836554e+00   1.4004230e+00
   9.7893157e+00   1.4038057e+00
   9.7949760e+00   1.4158299e+00
   9.8006363e+00   1.4394955e+00
   9.8062966e+00   1.4730189e+00
   9.8119568e+00   1.5158986e+00
   9.8176171e+00   1.5693750e+00
   9.8232774e+00   1.6340663e+00
   9.8289377e+00   1.7031826e+00
   9.8345980e+00   1.7688475e+00
   9.8402583e+00   1.8320322e+00
   9.8459185e+00   1.8871313e+00
   9.8515788e+00   1.9275257e+00
   9.8572391e+00   1.9610494e+00
   9.8628994e+00   1.9962254e+00
   9.8685597e+00   2.0392648e+00
   9.8742200e+00   2.0772415e+00
   9.8798802e+00   2.1074719e+00
   9.8855405e+00   2.1161217e+00
   9.8912008e+00   2.0906466e+00
   9.8968611e+00   2.0285901e+00
   9.9025214e+00   1.9368267e+00
   9.9081817e+00   1.8287068e+00
   9.9138420e+00   1.7158949e+00
   9.9195022e+00   1.6077143e+00
   9.9251625e+00   1.5134045e+00
   9.9308228e+00   1.4394825e+00
   9.9364831e+00   1.3854834e+00
   9.9421434e+00   1.3513210e+00
   9.9478037e+00   1.3311378e+00
   9.9534639e+00   1.3235911e+00
   9.9591242e+00   1.3208735e+00
   9.9647845e+00   1.3174602e+00
   9.9704448e+00   1.3153874e+00
   9.9761051e+00   1.3154129e+00
   9.9817654e+00   1.3158181e+00
   9.9874257e+00   1.3170673e+00
   9.9930859e+00   1.3147262e+00
   9.9987462e+00   1.3125312e+00
   1.0004407e+01   1.3101294e+00
   1.0010067e+01   1.3093096e+00
   1.0015727e+01   1.3105715e+00
   1.0021387e+01   1.3131247e+00
   1.0027048e+01   1.3163475e+00
   1.0032708e+01   1.3190760e+00
   1.0038368e+01   1.3228038e+00
   1.0044029e+01   1.3263799e+00
   1.0049689e+01   1.3279588e+00
   1.0055349e+01   1.3295860e+00
   1.0061009e+01   1.3311279e+00
   1.0066670e+01   1.3330911e+00
   1.0072330e+01   1.3395876e+00
   1.0077990e+01   1.3554174e+00
   1.0083650e+01   1.3861199e+00
   1.0089311e+01   1.4376755e+00
   1.0094971e+01   1.5178328e+00
   1.0100631e+01   1.6325443e+00
   1.0106292e+01   1.7859066e+00
   1.0111952e+01   1.9750197e+00
   1.0117612e+01   2.1824907e+00
   1.0123272e+01   2.3937429e+00
   1.0128933e+01   2.5910407e+00
   1.0134593e+01   2.7611322e+00
   1.0140253e+01   2.9023745e+00
   1.0145914e+01   3.0161228e+00
   1.0151574e+01   3.1183929e+00
   1.0157234e+01   3.2474417e+00
   1.0162894e+01   3.4249579e+00
   1.0168555e+01   3.6078216e+00
   1.0174215e+01   3.7221905e+00
   1.0179875e+01   3.7303661e+00
   1.0185536e+01   3.6170541e+00
   1.0191196e+01   3.4265832e+00
   1.0196856e+01   3.2208902e+00
   1.0202516e+01   3.0463305e+00
   1.0208177e+01   2.9082370e+00
   1.0213837e+01   2.7777115e+00
   1.0219497e+01   2.6325543e+00
   1.0225158e+01   2.4634771e+00
   1.0230818e+01   2.2822904e+00
   1.0236478e+01   2.0854060e+00
   1.0242138e+01   1.8917065e+00
   1.0247799e+01   1.7253789e+00
   1.0253459e+01   1.5979949e+00
   1.0259119e+01   1.5118216e+00
   1.0264780e+01   1.4660690e+00
   1.0270440e+01   1.4450500e+00
   1.0276100e+01   1.4382587e+00
   1.0281760e+01   1.4475151e+00
   1.0287421e+01   1.4602716e+00
   1.0293081e+01   1.4719065e+00
   1.0298741e+01   1.4858626e+00
   1.0304402e+01   1.4964996e+00
   1.0310062e+01   1.5030169e+00
   1.0315722e+01   1.5046459e+00
   1.0321382e+01   1.5031564e+00
   1.0327043e+01   1.4954602e+00
   1.0332703e+01   1.4800304e+00
   1.0338363e+01   1.4613262e+00
   1.0344024e+01   1.4408001e+00
   1.0349684e+01   1.4190262e+00
   1.0355344e+01   1.3966601e+00
   1.0361004e+01   1.3745413e+00
   1.0366665e+01   1.3542662e+00
   1.0372325e+01   1.3387214e+00
   1.0377985e+01   1.3269638e+00
   1.0383646e+01   1.3186037e+00
   1.0389306e+01   1.3115326e+00
   1.0394966e+01   1.3073478e+00
   1.0400626e+01   1.3071278e+00
   1.0406287e+01   1.3098407e+00
   1.0411947e+01   1.3082771e+00
   1.0417607e+01   1.3041105e+00
   1.0423268e+01   1.2990796e+00
   1.0428928e+01   1.2917681e+00
   1.0434588e+01   1.2866362e+00
   1.0440248e+01   1.2799599e+00
   1.0445909e+01   1.2702830e+00
   1.0451569e+01   1.2581412e+00
   1.0457229e+01   1.2498804e+00
   1.0462890e+01   1.2425597e+00
   1.0468550e+01   1.2335210e+00
   1.0474210e+01   1.2269728e+00
   1.0479870e+01   1.2224518e+00
   1.0485531e+01   1.2168313e+00
   1.0491191e+01   1.2111594e+00
   1.0496851e+01   1.2096034e+00
   1.0502512e+01   1.2093825e+00
   1.0508172e+01   1.2102265e+00
   1.0513832e+01   1.2127173e+00
   1.0519492e+01   1.2132475e+00
   1.0525153e+01   1.2147587e+00
   1.0530813e+01   1.2173544e+00
   1.0536473e+01   1.2203952e+00
   1.0542134e+01   1.2251958e+00
   1.0547794e+01   1.2316598e+00
   1.0553454e+01   1.2381958e+00
   1.0559114e+01   1.2469985e+00
   1.0564775e+01   1.2621414e+00
   1.0570435e+01   1.2796286e+00
   1.0576095e+01   1.2933088e+00
   1.0581756e+01   1.3090653e+00
   1.0587416e+01   1.3266368e+00
   1.0593076e+01   1.3502925e+00
   1.0598736e+01   1.3793114e+00
   1.0604397e+01   1.4109616e+00
   1.0610057e+01   1.4435652e+00
   1.0615717e+01   1.4790029e+00
   1.0621378e+01   1.5145255e+00
   1.0627038e+01   1.5592936e+00
   1.0632698e+01   1.6000394e+00
   1.0638358e+01   1.6319620e+00
   1.0644019e+01   1.6736984e+00
   1.0649679e+01   1.7288818e+00
   1.0655339e+01   1.7916047e+00
   1.0661000e+01   1.8574921e+00
   1.0666660e+01   1.9274656e+00
   1.0672320e+01   1.9921789e+00
   1.0677980e+01   2.0488806e+00
   1.0683641e+01   2.0998361e+00
   1.0689301e+01   2.1375931e+00
   1.0694961e+01   2.1671751e+00
   1.0700622e+01   2.1965806e+00
   1.0706282e+01   2.2294934e+00
   1.0711942e+01   2.2705953e+00
   1.0717602e+01   2.3207115e+00
   1.0723263e+01   2.3693227e+00
   1.0728923e+01   2.4005956e+00
   1.0734583e+01   2.3984386e+00
   1.0740243e+01   2.3624878e+00
   1.0745904e+01   2.3116423e+00
   1.0751564e+01   2.2645698e+00
   1.0757224e+01   2.2214276e+00
   1.0762885e+01   2.1838691e+00
   1.0768545e+01   2.1444889e+00
   1.0774205e+01   2.0953811e+00
   1.0779865e+01   2.0358046e+00
   1.0785526e+01   1.9690218e+00
   1.0791186e+01   1.8958101e+00
   1.0796846e+01   1.8179378e+00
   1.0802507e+01   1.7437313e+00
   1.0808167e+01   1.6781140e+00
   1.0813827e+01   1.6278091e+00
   1.0819487e+01   1.5970509e+00
   1.0825148e+01   1.5709012e+00
   1.0830808e+01   1.5510346e+00
   1.0836468e+01   1.5348312e+00
   1.0842129e+01   1.5156999e+00
   1.0847789e+01   1.4993830e+00
   1.0853449e+01   1.4828200e+00
   1.0859109e+01   1.4659820e+00
   1.0864770e+01   1.4459917e+00
   1.0870430e+01   1.4295211e+00
   1.0876090e+01   1.4117138e+00
   1.0881751e+01   1.3928698e+00
   1.0887411e+01   1.3741042e+00
   1.0893071e+01   1.3595039e+00
   1.0898731e+01   1.3487699e+00
   1.0904392e+01   1.3411032e+00
   1.0910052e+01   1.3309856e+00
   1.0915712e+01   1.3266204e+00
   1.0921373e+01   1.3266240e+00
   1.0927033e+01   1.3264432e+00
   1.0932693e+01   1.3241327e+00
   1.0938353e+01   1.3261551e+00
   1.0944014e+01   1.3302099e+00
   1.0949674e+01   1.3351692e+00
   1.0955334e+01   1.3415399e+00
   1.0960995e+01   1.3477036e+00
   1.0966655e+01   1.3534035e+00
   1.0972315e+01   1.3617652e+00
   1.0977975e+01   1.3757563e+00
   1.0983636e+01   1.3893740e+00
   1.0989296e+01   1.4016733e+00
   1.0994956e+01   1.4134298e+00
   1.1000617e+01   1.4314099e+00
   1.1006277e+01   1.4459813e+00
   1.1011937e+01   1.4561955e+00
   1.1017597e+01   1.4689654e+00
   1.1023258e+01   1.4843147e+00
   1.1028918e+01   1.4982917e+00
   1.1034578e+01   1.5103981e+00
   1.1040239e+01   1.5140554e+00
   1.1045899e+01   1.5200066e+00
   1.1051559e+01   1.5250476e+00
   1.1057219e+01   1.5256094e+00
   1.1062880e+01   1.5291011e+00
   1.1068540e+01   1.5300683e+00
   1.1074200e+01   1.5289918e+00
   1.1079861e+01   1.5259366e+00
   1.1085521e+01   1.5168394e+00
   1.1091181e+01   1.5008475e+00
   1.1096841e+01   1.4951768e+00
   1.1102502e+01   1.4898975e+00
   1.1108162e+01   1.4815148e+00
   1.1113822e+01   1.4786249e+00
   1.1119483e+01   1.4742559e+00
   1.1125143e+01   1.4690026e+00
   1.1130803e+01   1.4653204e+00
   1.1136463e+01   1.4684667e+00
   1.1142124e+01   1.4746263e+00
   1.1147784e+01   1.4841375e+00
   1.1153444e+01   1.4921011e+00
   1.1159105e+01   1.5007702e+00
   1.1164765e+01   1.5154915e+00
   1.1170425e+01   1.5434877e+00
   1.1176085e+01   1.5825721e+00
   1.1181746e+01   1.6347517e+00
   1.1187406e+01   1.7003142e+00
   1.1193066e+01   1.7730363e+00
   1.1198727e+01   1.8584148e+00
   1.1204387e+01   1.9479806e+00
   1.1210047e+01   2.0353095e+00
   1.1215707e+01   2.1183831e+00
   1.1221368e+01   2.2033763e+00
   1.1227028e+01   2.2801528e+00
   1.1232688e+01   2.3595547e+00
   1.1238349e+01   2.4315577e+00
   1.1244009e+01   2.4991954e+00
   1.1249669e+01   2.5676122e+00
   1.1255329e+01   2.6210937e+00
   1.1260990e+01   2.6459349e+00
   1.1266650e+01   2.6445300e+00
   1.1272310e+01   2.6147653e+00
   1.1277971e+01   2.5612999e+00
   1.1283631e+01   2.4905930e+00
   1.1289291e+01   2.4014358e+00
   1.1294951e+01   2.3112532e+00
   1.1300612e+01   2.2122531e+00
   1.1306272e+01   2.1077913e+00
   1.1311932e+01   2.0071166e+00
   1.1317593e+01   1.9211709e+00
   1.1323253e+01   1.8479708e+00
   1.1328913e+01   1.7885903e+00
   1.1334573e+01   1.7450580e+00
   1.1340234e+01   1.7191973e+00
   1.1345894e+01   1.7062874e+00
   1.1351554e+01   1.7054305e+00
   1.1357215e+01   1.7239023e+00
   1.1362875e+01   1.7527395e+00
   1.1368535e+01   1.7857276e+00
   1.1374195e+01   1.8134335e+00
   1.1379856e+01   1.8478697e+00
   1.1385516e+01   1.8855178e+00
   1.1391176e+01   1.9190433e+00
   1.1396837e+01   1.9505345e+00
   1.1402497e+01   1.9825327e+00
   1.1408157e+01   2.0129308e+00
   1.1413817e+01   2.0394315e+00
   1.1419478e+01   2.0602751e+00
   1.1425138e+01   2.0704806e+00
   1.1430798e+01   2.0717358e+00
   1.1436458e+01   2.0574732e+00
   1.1442119e+01   2.0293626e+00
   1.1447779e+01   1.9893432e+00
   1.1453439e+01   1.9453159e+00
   1.1459100e+01   1.9042566e+00
   1.1464760e+01   1.9257498e+00
   1.1470420e+01   1.9233256e+00
   1.1476080e+01   1.9264404e+00
   1.1481741e+01   1.9714326e+00
   1.1487401e+01   1.8552811e+00
   1.1493061e+01   1.7784308e+00
   1.1498722e+01   1.7448269e+00
   1.1504382e+01   1.7453801e+00
   1.1510042e+01   1.7564763e+00
   1.1515702e+01   1.7658729e+00
   1.1521363e+01   1.7650129e+00
   1.1527023e+01   1.7613077e+00
   1.1532683e+01   1.7695105e+00
   1.1538344e+01   1.7837550e+00
   1.1544004e+01   1.8065258e+00
   1.1549664e+01   1.8141962e+00
   1.1555324e+01   1.8150698e+00
   1.1560985e+01   1.8254749e+00
   1.1566645e+01   1.8221804e+00
   1.1572305e+01   1.8385516e+00
   1.1577966e+01   1.8494827e+00
   1.1583626e+01   1.8499881e+00
   1.1589286e+01   1.8507296e+00
   1.1594946e+01   1.8662856e+00
   1.1600607e+01   1.8863821e+00
   1.1606267e+01   1.8934437e+00
   1.1611927e+01   1.8955061e+00
   1.1617588e+01   1.9084294e+00
   1.1623248e+01   1.9343252e+00
   1.1628908e+01   1.9550379e+00
   1.1634568e+01   1.9617267e+00
   1.1640229e+01   1.9754591e+00
   1.1645889e+01   1.9966407e+00
   1.1651549e+01   2.0226275e+00
   1.1657210e+01   2.0539759e+00
   1.1662870e+01   2.0775117e+00
   1.1668530e+01   2.1132393e+00
   1.1674190e+01   2.1702114e+00
   1.1679851e+01   2.2323537e+00
   1.1685511e+01   2.2956248e+00
   1.1691171e+01   2.3674759e+00
   1.1696832e+01   2.4627761e+00
   1.1702492e+01   2.5472569e+00
   1.1708152e+01   2.6083581e+00
   1.1713812e+01   2.6656338e+00
   1.1719473e+01   2.7173911e+00
   1.1725133e+01   2.7653294e+00
   1.1730793e+01   2.7957263e+00
   1.1736454e+01   2.8086695e+00
   1.1742114e+01   2.8117416e+00
   1.1747774e+01   2.8150727e+00
   1.1753434e+01   2.8166327e+00
   1.1759095e+01   2.8223447e+00
   1.1764755e+01   2.8214391e+00
   1.1770415e+01   2.8340476e+00
   1.1776076e+01   2.8541194e+00
   1.1781736e+01   2.8676149e+00
   1.1787396e+01   2.8906463e+00
   1.1793056e+01   2.9741452e+00
   1.1798717e+01   3.0311649e+00
   1.1804377e+01   2.9772645e+00
   1.1810037e+01   2.9020577e+00
   1.1815698e+01   2.8784174e+00
   1.1821358e+01   2.8624075e+00
   1.1827018e+01   2.8303173e+00
   1.1832678e+01   2.8052736e+00
   1.1838339e+01   2.7875076e+00
   1.1843999e+01   2.7755840e+00
   1.1849659e+01   2.7715391e+00
   1.1855320e+01   2.7923764e+00
   1.1860980e+01   2.8127318e+00
   1.1866640e+01   2.8382880e+00
   1.1872300e+01   2.8760758e+00
   1.1877961e+01   2.9126154e+00
   1.1883621e+01   2.9559148e+00
   1.1889281e+01   3.0102854e+00
   1.1894942e+01   3.0721929e+00
   1.1900602e+01   3.1304391e+00
   1.1906262e+01   3.1807197e+00
   1.1911922e+01   3.2523414e+00
   1.1917583e+01   3.2983732e+00
   1.1923243e+01   3.3594287e+00
   1.1928903e+01   3.4371562e+00
   1.1934564e+01   3.5373426e+00
   1.1940224e+01   3.6432804e+00
   1.1945884e+01   3.7367087e+00
   1.1951544e+01   3.8573704e+00
   1.1957205e+01   4.0392695e+00
   1.1962865e+01   4.2392307e+00
   1.1968525e+01   4.4452467e+00
   1.1974186e+01   4.7117456e+00
   1.1979846e+01   5.0462421e+00
   1.1985506e+01   5.4958165e+00
   1.1991166e+01   6.0349776e+00
   1.1996827e+01   6.7103741e+00
   1.2002487e+01   7.9008801e+00
   1.2008147e+01   1.0503121e+01
   1.2013808e+01   1.7651530e+01
