   4.2720509e-01   4.9945006e+00
   4.3286538e-01   1.9784524e+00
   4.3852566e-01   1.3093148e+00
   4.4418594e-01   1.0725397e+00
   4.4984623e-01   9.5297673e-01
   4.5550651e-01   8.6277155e-01
   4.6116680e-01   8.2134917e-01
   4.6682708e-01   7.9544026e-01
   4.7248737e-01   7.8744297e-01
   4.7814765e-01   7.8593683e-01
   4.8380794e-01   7.8068259e-01
   4.8946822e-01   8.1048793e-01
   4.9512850e-01   8.2594572e-01
   5.0078879e-01   8.5416520e-01
   5.0644907e-01   8.8355210e-01
   5.1210936e-01   9.0847477e-01
   5.1776964e-01   9.4418803e-01
   5.2342993e-01   9.6688461e-01
   5.2909021e-01   1.0024022e+00
   5.3475050e-01   1.0233974e+00
   5.4041078e-01   1.0432330e+00
   5.4607107e-01   1.0545985e+00
   5.5173135e-01   1.0586174e+00
   5.5739163e-01   1.0753520e+00
   5.6305192e-01   1.0716633e+00
   5.6871220e-01   1.0845256e+00
   5.7437249e-01   1.0798908e+00
   5.8003277e-01   1.0827810e+00
   5.8569306e-01   1.0867239e+00
   5.9135334e-01   1.0844220e+00
   5.9701363e-01   1.0946271e+00
   6.0267391e-01   1.0905306e+00
   6.0833420e-01   1.1030187e+00
   6.1399448e-01   1.0976085e+00
   6.1965476e-01   1.0999633e+00
   6.2531505e-01   1.1098600e+00
   6.3097533e-01   1.1058746e+00
   6.3663562e-01   1.1151058e+00
   6.4229590e-01   1.1098812e+00
   6.4795619e-01   1.1197187e+00
   6.5361647e-01   1.1150465e+00
   6.5927676e-01   1.1156009e+00
   6.6493704e-01   1.1194824e+00
   6.7059733e-01   1.1132531e+00
   6.7625761e-01   1.1239099e+00
   6.8191789e-01   1.1189777e+00
   6.8757818e-01   1.1267651e+00
   6.9323846e-01   1.1253377e+00
   6.9889875e-01   1.1263135e+00
   7.0455903e-01   1.1301249e+00
   7.1021932e-01   1.1240695e+00
   7.1587960e-01   1.1362981e+00
   7.2153989e-01   1.1276137e+00
   7.2720017e-01   1.1348371e+00
   7.3286046e-01   1.1343337e+00
   7.3852074e-01   1.1355009e+00
   7.4418102e-01   1.1434958e+00
   7.4984131e-01   1.1396129e+00
   7.5550159e-01   1.1452100e+00
   7.6116188e-01   1.1399279e+00
   7.6682216e-01   1.1462935e+00
   7.7248245e-01   1.1487917e+00
   7.7814273e-01   1.1516807e+00
   7.8380302e-01   1.1603370e+00
   7.8946330e-01   1.1568388e+00
   7.9512358e-01   1.1658614e+00
   8.0078387e-01   1.1656894e+00
   8.0644415e-01   1.1787143e+00
   8.1210444e-01   1.1789399e+00
   8.1776472e-01   1.1787726e+00
   8.2342501e-01   1.1842189e+00
   8.2908529e-01   1.1852216e+00
   8.3474558e-01   1.1971786e+00
   8.4040586e-01   1.1943274e+00
   8.4606615e-01   1.2042801e+00
   8.5172643e-01   1.2080695e+00
   8.5738671e-01   1.2124201e+00
   8.6304700e-01   1.2208392e+00
   8.6870728e-01   1.2200785e+00
   8.7436757e-01   1.2299920e+00
   8.8002785e-01   1.2280909e+00
   8.8568814e-01   1.2399125e+00
   8.9134842e-01   1.2449085e+00
   8.9700871e-01   1.2497955e+00
   9.0266899e-01   1.2601112e+00
   9.0832928e-01   1.2581692e+00
   9.1398956e-01   1.2735358e+00
   9.1964984e-01   1.2793969e+00
   9.2531013e-01   1.2926416e+00
   9.3097041e-01   1.3043840e+00
   9.3663070e-01   1.3143870e+00
   9.4229098e-01   1.3351192e+00
   9.4795127e-01   1.3466755e+00
   9.5361155e-01   1.3791958e+00
   9.5927184e-01   1.4060381e+00
   9.6493212e-01   1.4391835e+00
   9.7059241e-01   1.4800466e+00
   9.7625269e-01   1.4999592e+00
   9.8191297e-01   1.5053932e+00
   9.8757326e-01   1.4805674e+00
   9.9323354e-01   1.4591243e+00
   9.9889383e-01   1.4309512e+00
   1.0045541e+00   1.4141064e+00
   1.0102144e+00   1.4072723e+00
   1.0158747e+00   1.3953005e+00
   1.0215350e+00   1.3965176e+00
   1.0271953e+00   1.3883285e+00
   1.0328555e+00   1.3934557e+00
   1.0385158e+00   1.3933493e+00
   1.0441761e+00   1.3981197e+00
   1.0498364e+00   1.4091852e+00
   1.0554967e+00   1.4081979e+00
   1.0611570e+00   1.4178690e+00
   1.0668172e+00   1.4197173e+00
   1.0724775e+00   1.4313421e+00
   1.0781378e+00   1.4379477e+00
   1.0837981e+00   1.4431528e+00
   1.0894584e+00   1.4563599e+00
   1.0951187e+00   1.4628899e+00
   1.1007789e+00   1.4745037e+00
   1.1064392e+00   1.4776562e+00
   1.1120995e+00   1.4896093e+00
   1.1177598e+00   1.5002839e+00
   1.1234201e+00   1.5090027e+00
   1.1290804e+00   1.5262178e+00
   1.1347407e+00   1.5348239e+00
   1.1404009e+00   1.5506627e+00
   1.1460612e+00   1.5630172e+00
   1.1517215e+00   1.5724900e+00
   1.1573818e+00   1.5858394e+00
   1.1630421e+00   1.5911670e+00
   1.1687024e+00   1.6059250e+00
   1.1743626e+00   1.6102176e+00
   1.1800229e+00   1.6272920e+00
   1.1856832e+00   1.6372811e+00
   1.1913435e+00   1.6460836e+00
   1.1970038e+00   1.6603141e+00
   1.2026641e+00   1.6684147e+00
   1.2083244e+00   1.6854527e+00
   1.2139846e+00   1.6961759e+00
   1.2196449e+00   1.7137110e+00
   1.2253052e+00   1.7237955e+00
   1.2309655e+00   1.7351760e+00
   1.2366258e+00   1.7555942e+00
   1.2422861e+00   1.7672281e+00
   1.2479463e+00   1.7866936e+00
   1.2536066e+00   1.7955743e+00
   1.2592669e+00   1.8132861e+00
   1.2649272e+00   1.8248040e+00
   1.2705875e+00   1.8313946e+00
   1.2762478e+00   1.8488201e+00
   1.2819081e+00   1.8539437e+00
   1.2875683e+00   1.8705602e+00
   1.2932286e+00   1.8805260e+00
   1.2988889e+00   1.8954092e+00
   1.3045492e+00   1.9054890e+00
   1.3102095e+00   1.9135853e+00
   1.3158698e+00   1.9303973e+00
   1.3215300e+00   1.9422379e+00
   1.3271903e+00   1.9621857e+00
   1.3328506e+00   1.9742220e+00
   1.3385109e+00   1.9947257e+00
   1.3441712e+00   2.0149219e+00
   1.3498315e+00   2.0359408e+00
   1.3554918e+00   2.0698968e+00
   1.3611520e+00   2.1061696e+00
   1.3668123e+00   2.1542602e+00
   1.3724726e+00   2.2099764e+00
   1.3781329e+00   2.2892207e+00
   1.3837932e+00   2.4049637e+00
   1.3894535e+00   2.5950164e+00
   1.3951137e+00   3.0278240e+00
   1.4007740e+00   5.4245955e+00
   1.4064343e+00   1.6650086e+01
   1.4120946e+00   4.3275618e+01
   1.4177549e+00   6.7617771e+01
   1.4234152e+00   6.1196988e+01
   1.4290755e+00   3.3034948e+01
   1.4347357e+00   1.2925887e+01
   1.4403960e+00   6.6035475e+00
   1.4460563e+00   6.7199803e+00
   1.4517166e+00   1.0012113e+01
   1.4573769e+00   1.2345260e+01
   1.4630372e+00   1.0516892e+01
   1.4686974e+00   6.5281986e+00
   1.4743577e+00   3.8107128e+00
   1.4800180e+00   2.8523260e+00
   1.4856783e+00   2.5425610e+00
   1.4913386e+00   2.3990887e+00
   1.4969989e+00   2.3191749e+00
   1.5026592e+00   2.2629446e+00
   1.5083194e+00   2.2153097e+00
   1.5139797e+00   2.1768093e+00
   1.5196400e+00   2.1360699e+00
   1.5253003e+00   2.1116161e+00
   1.5309606e+00   2.0968335e+00
   1.5366209e+00   2.1401022e+00
   1.5422811e+00   2.1592459e+00
   1.5479414e+00   2.1025761e+00
   1.5536017e+00   2.0646894e+00
   1.5592620e+00   2.0537722e+00
   1.5649223e+00   2.0515208e+00
   1.5705826e+00   2.0477912e+00
   1.5762428e+00   2.0451594e+00
   1.5819031e+00   2.0472092e+00
   1.5875634e+00   2.0458568e+00
   1.5932237e+00   2.0499813e+00
   1.5988840e+00   2.0524093e+00
   1.6045443e+00   2.0567485e+00
   1.6102046e+00   2.0586599e+00
   1.6158648e+00   2.0628389e+00
   1.6215251e+00   2.0739760e+00
   1.6271854e+00   2.0851708e+00
   1.6328457e+00   2.1111597e+00
   1.6385060e+00   2.1493461e+00
   1.6441663e+00   2.2198362e+00
   1.6498265e+00   2.3563228e+00
   1.6554868e+00   2.5621052e+00
   1.6611471e+00   2.8282421e+00
   1.6668074e+00   3.0205850e+00
   1.6724677e+00   3.0179462e+00
   1.6781280e+00   2.7966100e+00
   1.6837883e+00   2.5207405e+00
   1.6894485e+00   2.2973784e+00
   1.6951088e+00   2.1680570e+00
   1.7007691e+00   2.1027284e+00
   1.7064294e+00   2.0664431e+00
   1.7120897e+00   2.0496516e+00
   1.7177500e+00   2.0404792e+00
   1.7234102e+00   2.0414808e+00
   1.7290705e+00   2.0450487e+00
   1.7347308e+00   2.0396959e+00
   1.7403911e+00   2.0313399e+00
   1.7460514e+00   2.0134713e+00
   1.7517117e+00   1.9995789e+00
   1.7573720e+00   1.9836890e+00
   1.7630322e+00   1.9741372e+00
   1.7686925e+00   1.9693153e+00
   1.7743528e+00   1.9639605e+00
   1.7800131e+00   1.9656078e+00
   1.7856734e+00   1.9687052e+00
   1.7913337e+00   1.9769360e+00
   1.7969939e+00   1.9789988e+00
   1.8026542e+00   1.9787116e+00
   1.8083145e+00   1.9756773e+00
   1.8139748e+00   1.9736800e+00
   1.8196351e+00   1.9875517e+00
   1.8252954e+00   2.0165727e+00
   1.8309557e+00   2.0655730e+00
   1.8366159e+00   2.1404280e+00
   1.8422762e+00   2.2567778e+00
   1.8479365e+00   2.5067615e+00
   1.8535968e+00   3.0709824e+00
   1.8592571e+00   3.8662511e+00
   1.8649174e+00   3.8976464e+00
   1.8705776e+00   3.1032445e+00
   1.8762379e+00   2.4586987e+00
   1.8818982e+00   2.1888529e+00
   1.8875585e+00   2.0912644e+00
   1.8932188e+00   2.0649384e+00
   1.8988791e+00   2.0763639e+00
   1.9045394e+00   2.1144387e+00
   1.9101996e+00   2.1883545e+00
   1.9158599e+00   2.3254572e+00
   1.9215202e+00   2.5756389e+00
   1.9271805e+00   3.1303524e+00
   1.9328408e+00   4.6173072e+00
   1.9385011e+00   9.0039627e+00
   1.9441613e+00   1.8171844e+01
   1.9498216e+00   2.5209963e+01
   1.9554819e+00   2.0910390e+01
   1.9611422e+00   1.0679765e+01
   1.9668025e+00   4.6628198e+00
   1.9724628e+00   2.8692449e+00
   1.9781231e+00   2.3033647e+00
   1.9837833e+00   2.0551311e+00
   1.9894436e+00   1.9250498e+00
   1.9951039e+00   1.8438882e+00
   2.0007642e+00   1.7873741e+00
   2.0064245e+00   1.7455033e+00
   2.0120848e+00   1.7120169e+00
   2.0177450e+00   1.6871294e+00
   2.0234053e+00   1.6658562e+00
   2.0290656e+00   1.6448968e+00
   2.0347259e+00   1.6250250e+00
   2.0403862e+00   1.6082060e+00
   2.0460465e+00   1.5946191e+00
   2.0517067e+00   1.5785923e+00
   2.0573670e+00   1.5743697e+00
   2.0630273e+00   1.5616338e+00
   2.0686876e+00   1.5426026e+00
   2.0743479e+00   1.5326103e+00
   2.0800082e+00   1.5235600e+00
   2.0856685e+00   1.5147359e+00
   2.0913287e+00   1.5084616e+00
   2.0969890e+00   1.5053105e+00
   2.1026493e+00   1.4898023e+00
   2.1083096e+00   1.4767343e+00
   2.1139699e+00   1.4792099e+00
   2.1196302e+00   1.4685929e+00
   2.1252904e+00   1.4476650e+00
   2.1309507e+00   1.4340413e+00
   2.1366110e+00   1.4305098e+00
   2.1422713e+00   1.4207285e+00
   2.1479316e+00   1.4097555e+00
   2.1535919e+00   1.4060702e+00
   2.1592522e+00   1.3983256e+00
   2.1649124e+00   1.3947670e+00
   2.1705727e+00   1.3888377e+00
   2.1762330e+00   1.3848540e+00
   2.1818933e+00   1.3804805e+00
   2.1875536e+00   1.3761493e+00
   2.1932139e+00   1.3731503e+00
   2.1988741e+00   1.3653651e+00
   2.2045344e+00   1.3601300e+00
   2.2101947e+00   1.3552539e+00
   2.2158550e+00   1.3504398e+00
   2.2215153e+00   1.3462634e+00
   2.2271756e+00   1.3470406e+00
   2.2328359e+00   1.3467355e+00
   2.2384961e+00   1.3415003e+00
   2.2441564e+00   1.3404050e+00
   2.2498167e+00   1.3430402e+00
   2.2554770e+00   1.3439991e+00
   2.2611373e+00   1.3424033e+00
   2.2667976e+00   1.3375732e+00
   2.2724578e+00   1.3377347e+00
   2.2781181e+00   1.3372959e+00
   2.2837784e+00   1.3366102e+00
   2.2894387e+00   1.3355203e+00
   2.2950990e+00   1.3339265e+00
   2.3007593e+00   1.3358065e+00
   2.3064196e+00   1.3365901e+00
   2.3120798e+00   1.3369633e+00
   2.3177401e+00   1.3368267e+00
   2.3234004e+00   1.3368138e+00
   2.3290607e+00   1.3349321e+00
   2.3347210e+00   1.3319221e+00
   2.3403813e+00   1.3296721e+00
   2.3460415e+00   1.3234043e+00
   2.3517018e+00   1.3211191e+00
   2.3573621e+00   1.3180601e+00
   2.3630224e+00   1.3187878e+00
   2.3686827e+00   1.3230692e+00
   2.3743430e+00   1.3271319e+00
   2.3800033e+00   1.3320421e+00
   2.3856635e+00   1.3282396e+00
   2.3913238e+00   1.3225793e+00
   2.3969841e+00   1.3193878e+00
   2.4026444e+00   1.3169654e+00
   2.4083047e+00   1.3142781e+00
   2.4139650e+00   1.3137810e+00
   2.4196252e+00   1.3155822e+00
   2.4252855e+00   1.3146744e+00
   2.4309458e+00   1.3168338e+00
   2.4366061e+00   1.3182498e+00
   2.4422664e+00   1.3197870e+00
   2.4479267e+00   1.3218998e+00
   2.4535870e+00   1.3218704e+00
   2.4592472e+00   1.3255752e+00
   2.4649075e+00   1.3277916e+00
   2.4705678e+00   1.3304074e+00
   2.4762281e+00   1.3334279e+00
   2.4818884e+00   1.3375365e+00
   2.4875487e+00   1.3425125e+00
   2.4932089e+00   1.3478018e+00
   2.4988692e+00   1.3564735e+00
   2.5045295e+00   1.3608950e+00
   2.5101898e+00   1.3624918e+00
   2.5158501e+00   1.3591184e+00
   2.5215104e+00   1.3523797e+00
   2.5271706e+00   1.3492293e+00
   2.5328309e+00   1.3494640e+00
   2.5384912e+00   1.3515859e+00
   2.5441515e+00   1.3507916e+00
   2.5498118e+00   1.3525438e+00
   2.5554721e+00   1.3568792e+00
   2.5611324e+00   1.3632771e+00
   2.5667926e+00   1.3645832e+00
   2.5724529e+00   1.3682896e+00
   2.5781132e+00   1.3734097e+00
   2.5837735e+00   1.3663794e+00
   2.5894338e+00   1.3717034e+00
   2.5950941e+00   1.3770545e+00
   2.6007543e+00   1.3797265e+00
   2.6064146e+00   1.3842409e+00
   2.6120749e+00   1.3876940e+00
   2.6177352e+00   1.3899109e+00
   2.6233955e+00   1.3911302e+00
   2.6290558e+00   1.3928000e+00
   2.6347161e+00   1.3947952e+00
   2.6403763e+00   1.3958480e+00
   2.6460366e+00   1.3996147e+00
   2.6516969e+00   1.4038388e+00
   2.6573572e+00   1.4099817e+00
   2.6630175e+00   1.4138014e+00
   2.6686778e+00   1.4171935e+00
   2.6743380e+00   1.4208053e+00
   2.6799983e+00   1.4232520e+00
   2.6856586e+00   1.4278722e+00
   2.6913189e+00   1.4319035e+00
   2.6969792e+00   1.4371580e+00
   2.7026395e+00   1.4415601e+00
   2.7082998e+00   1.4453038e+00
   2.7139600e+00   1.4514748e+00
   2.7196203e+00   1.4601190e+00
   2.7252806e+00   1.4714811e+00
   2.7309409e+00   1.4832204e+00
   2.7366012e+00   1.4983389e+00
   2.7422615e+00   1.5180268e+00
   2.7479217e+00   1.5492417e+00
   2.7535820e+00   1.5979207e+00
   2.7592423e+00   1.6655417e+00
   2.7649026e+00   1.7840650e+00
   2.7705629e+00   2.0419116e+00
   2.7762232e+00   2.5589710e+00
   2.7818835e+00   3.3480727e+00
   2.7875437e+00   4.1212088e+00
   2.7932040e+00   4.5614375e+00
   2.7988643e+00   4.3234018e+00
   2.8045246e+00   3.6478955e+00
   2.8101849e+00   2.9897157e+00
   2.8158452e+00   2.7069822e+00
   2.8215054e+00   3.1701911e+00
   2.8271657e+00   5.0121270e+00
   2.8328260e+00   9.1076866e+00
   2.8384863e+00   1.4857706e+01
   2.8441466e+00   2.0083447e+01
   2.8498069e+00   2.2715000e+01
   2.8554672e+00   1.8457922e+01
   2.8611274e+00   1.2000862e+01
   2.8667877e+00   6.6481309e+00
   2.8724480e+00   3.4358903e+00
   2.8781083e+00   2.2572168e+00
   2.8837686e+00   1.9471025e+00
   2.8894289e+00   1.8649444e+00
   2.8950891e+00   1.8699620e+00
   2.9007494e+00   1.9662619e+00
   2.9064097e+00   2.1534480e+00
   2.9120700e+00   2.4873146e+00
   2.9177303e+00   3.2801226e+00
   2.9233906e+00   4.9614235e+00
   2.9290509e+00   8.3252488e+00
   2.9347111e+00   1.1794653e+01
   2.9403714e+00   1.2589274e+01
   2.9460317e+00   9.6239125e+00
   2.9516920e+00   6.6442656e+00
   2.9573523e+00   5.7644162e+00
   2.9630126e+00   6.0482056e+00
   2.9686728e+00   5.8357926e+00
   2.9743331e+00   4.6643591e+00
   2.9799934e+00   3.3866380e+00
   2.9856537e+00   2.3946700e+00
   2.9913140e+00   1.8723381e+00
   2.9969743e+00   1.6888833e+00
   3.0026345e+00   1.6326585e+00
   3.0082948e+00   1.6119428e+00
   3.0139551e+00   1.6045941e+00
   3.0196154e+00   1.6061873e+00
   3.0252757e+00   1.6086085e+00
   3.0309360e+00   1.6093452e+00
   3.0365963e+00   1.6059658e+00
   3.0422565e+00   1.5981883e+00
   3.0479168e+00   1.5884993e+00
   3.0535771e+00   1.5770418e+00
   3.0592374e+00   1.5688237e+00
   3.0648977e+00   1.5643967e+00
   3.0705580e+00   1.5635740e+00
   3.0762182e+00   1.5677086e+00
   3.0818785e+00   1.5739135e+00
   3.0875388e+00   1.5806793e+00
   3.0931991e+00   1.5860849e+00
   3.0988594e+00   1.5929994e+00
   3.1045197e+00   1.6000746e+00
   3.1101800e+00   1.6054593e+00
   3.1158402e+00   1.6089676e+00
   3.1215005e+00   1.6109739e+00
   3.1271608e+00   1.6146468e+00
   3.1328211e+00   1.6200562e+00
   3.1384814e+00   1.6271686e+00
   3.1441417e+00   1.6357454e+00
   3.1498019e+00   1.6482428e+00
   3.1554622e+00   1.6685463e+00
   3.1611225e+00   1.7004543e+00
   3.1667828e+00   1.7552750e+00
   3.1724431e+00   1.8416169e+00
   3.1781034e+00   2.0076284e+00
   3.1837637e+00   2.3722176e+00
   3.1894239e+00   2.9211072e+00
   3.1950842e+00   3.3765277e+00
   3.2007445e+00   3.5490997e+00
   3.2064048e+00   3.4995016e+00
   3.2120651e+00   3.2172690e+00
   3.2177254e+00   2.7536329e+00
   3.2233856e+00   2.3254571e+00
   3.2290459e+00   2.1280798e+00
   3.2347062e+00   2.0907903e+00
   3.2403665e+00   2.1148080e+00
   3.2460268e+00   2.1718588e+00
   3.2516871e+00   2.2748376e+00
   3.2573474e+00   2.5276663e+00
   3.2630076e+00   3.6462480e+00
   3.2686679e+00   7.3124882e+00
   3.2743282e+00   1.4444722e+01
   3.2799885e+00   2.4815609e+01
   3.2856488e+00   3.7641027e+01
   3.2913091e+00   4.4860841e+01
   3.2969693e+00   3.6816527e+01
   3.3026296e+00   2.2706423e+01
   3.3082899e+00   1.1676932e+01
   3.3139502e+00   5.5342960e+00
   3.3196105e+00   3.5968867e+00
   3.3252708e+00   3.4077247e+00
   3.3309311e+00   3.6497764e+00
   3.3365913e+00   4.1338094e+00
   3.3422516e+00   5.0571514e+00
   3.3479119e+00   6.9264502e+00
   3.3535722e+00   1.1240634e+01
   3.3592325e+00   2.2655504e+01
   3.3648928e+00   4.6572506e+01
   3.3705530e+00   8.6208815e+01
   3.3762133e+00   1.2423756e+02
   3.3818736e+00   1.8539210e+02
   3.3875339e+00   2.5000000e+02
   3.3931942e+00   2.2724820e+02
   3.3988545e+00   1.4503913e+02
   3.4045148e+00   1.0200502e+02
   3.4101750e+00   6.2027663e+01
   3.4158353e+00   3.0038245e+01
   3.4214956e+00   1.2455023e+01
   3.4271559e+00   6.5811006e+00
   3.4328162e+00   4.5251311e+00
   3.4384765e+00   3.6284272e+00
   3.4441367e+00   3.1432351e+00
   3.4497970e+00   2.8229627e+00
   3.4554573e+00   2.6154338e+00
   3.4611176e+00   2.4658634e+00
   3.4667779e+00   2.3693636e+00
   3.4724382e+00   2.3200661e+00
   3.4780985e+00   2.2463041e+00
   3.4837587e+00   2.1425000e+00
   3.4894190e+00   2.0787985e+00
   3.4950793e+00   2.0671254e+00
   3.5007396e+00   2.0343715e+00
   3.5063999e+00   1.9641589e+00
   3.5120602e+00   1.9079220e+00
   3.5177204e+00   1.8769177e+00
   3.5233807e+00   1.8515916e+00
   3.5290410e+00   1.8298843e+00
   3.5347013e+00   1.8118883e+00
   3.5403616e+00   1.7956601e+00
   3.5460219e+00   1.7830940e+00
   3.5516821e+00   1.7677809e+00
   3.5573424e+00   1.7524622e+00
   3.5630027e+00   1.7392466e+00
   3.5686630e+00   1.7237772e+00
   3.5743233e+00   1.7088101e+00
   3.5799836e+00   1.6962221e+00
   3.5856439e+00   1.6864170e+00
   3.5913041e+00   1.6788780e+00
   3.5969644e+00   1.6719763e+00
   3.6026247e+00   1.6674366e+00
   3.6082850e+00   1.6657630e+00
   3.6139453e+00   1.6668849e+00
   3.6196056e+00   1.6736788e+00
   3.6252658e+00   1.6914522e+00
   3.6309261e+00   1.7286023e+00
   3.6365864e+00   1.8078041e+00
   3.6422467e+00   1.9851996e+00
   3.6479070e+00   2.3742745e+00
   3.6535673e+00   3.0755495e+00
   3.6592276e+00   4.0286004e+00
   3.6648878e+00   4.9651791e+00
   3.6705481e+00   5.7048177e+00
   3.6762084e+00   5.9154571e+00
   3.6818687e+00   5.3328653e+00
   3.6875290e+00   4.4605037e+00
   3.6931893e+00   3.5710718e+00
   3.6988495e+00   2.8429320e+00
   3.7045098e+00   2.3975266e+00
   3.7101701e+00   2.1921925e+00
   3.7158304e+00   2.1394266e+00
   3.7214907e+00   2.1720666e+00
   3.7271510e+00   2.2559998e+00
   3.7328113e+00   2.3665864e+00
   3.7384715e+00   2.4788930e+00
   3.7441318e+00   2.5679253e+00
   3.7497921e+00   2.6093406e+00
   3.7554524e+00   2.6048333e+00
   3.7611127e+00   2.6036213e+00
   3.7667730e+00   2.8005970e+00
   3.7724332e+00   3.6982934e+00
   3.7780935e+00   5.8569249e+00
   3.7837538e+00   8.9453389e+00
   3.7894141e+00   1.2636044e+01
   3.7950744e+00   1.7520080e+01
   3.8007347e+00   2.0788305e+01
   3.8063950e+00   1.7982777e+01
   3.8120552e+00   1.2195572e+01
   3.8177155e+00   7.0571153e+00
   3.8233758e+00   3.7569729e+00
   3.8290361e+00   2.2408091e+00
   3.8346964e+00   1.8170812e+00
   3.8403567e+00   1.6952475e+00
   3.8460169e+00   1.6464869e+00
   3.8516772e+00   1.6290997e+00
   3.8573375e+00   1.6328248e+00
   3.8629978e+00   1.6549209e+00
   3.8686581e+00   1.6942428e+00
   3.8743184e+00   1.7537744e+00
   3.8799787e+00   1.8455458e+00
   3.8856389e+00   1.9822591e+00
   3.8912992e+00   2.1718765e+00
   3.8969595e+00   2.4107123e+00
   3.9026198e+00   2.5498400e+00
   3.9082801e+00   2.4258855e+00
   3.9139404e+00   2.1243805e+00
   3.9196006e+00   1.8673142e+00
   3.9252609e+00   1.6902545e+00
   3.9309212e+00   1.5756547e+00
   3.9365815e+00   1.4989318e+00
   3.9422418e+00   1.4493269e+00
   3.9479021e+00   1.4152210e+00
   3.9535624e+00   1.3920185e+00
   3.9592226e+00   1.3742805e+00
   3.9648829e+00   1.3605514e+00
   3.9705432e+00   1.3518183e+00
   3.9762035e+00   1.3444426e+00
   3.9818638e+00   1.3360604e+00
   3.9875241e+00   1.3290323e+00
   3.9931843e+00   1.3208615e+00
   3.9988446e+00   1.3126331e+00
   4.0045049e+00   1.3036979e+00
   4.0101652e+00   1.2955045e+00
   4.0158255e+00   1.2879548e+00
   4.0214858e+00   1.2808447e+00
   4.0271460e+00   1.2762924e+00
   4.0328063e+00   1.2719113e+00
   4.0384666e+00   1.2684207e+00
   4.0441269e+00   1.2667684e+00
   4.0497872e+00   1.2657153e+00
   4.0554475e+00   1.2653629e+00
   4.0611078e+00   1.2639305e+00
   4.0667680e+00   1.2622782e+00
   4.0724283e+00   1.2622286e+00
   4.0780886e+00   1.2629072e+00
   4.0837489e+00   1.2612959e+00
   4.0894092e+00   1.2591779e+00
   4.0950695e+00   1.2597422e+00
   4.1007297e+00   1.2591732e+00
   4.1063900e+00   1.2600808e+00
   4.1120503e+00   1.2610147e+00
   4.1177106e+00   1.2610834e+00
   4.1233709e+00   1.2599083e+00
   4.1290312e+00   1.2567202e+00
   4.1346915e+00   1.2542358e+00
   4.1403517e+00   1.2504298e+00
   4.1460120e+00   1.2481623e+00
   4.1516723e+00   1.2469334e+00
   4.1573326e+00   1.2466461e+00
   4.1629929e+00   1.2523069e+00
   4.1686532e+00   1.2557439e+00
   4.1743134e+00   1.2562220e+00
   4.1799737e+00   1.2547450e+00
   4.1856340e+00   1.2520998e+00
   4.1912943e+00   1.2528171e+00
   4.1969546e+00   1.2545615e+00
   4.2026149e+00   1.2564178e+00
   4.2082752e+00   1.2565302e+00
   4.2139354e+00   1.2586754e+00
   4.2195957e+00   1.2655671e+00
   4.2252560e+00   1.2834428e+00
   4.2309163e+00   1.3250248e+00
   4.2365766e+00   1.4016342e+00
   4.2422369e+00   1.5129956e+00
   4.2478971e+00   1.6333348e+00
   4.2535574e+00   1.7304408e+00
   4.2592177e+00   1.7882176e+00
   4.2648780e+00   1.7867009e+00
   4.2705383e+00   1.7319242e+00
   4.2761986e+00   1.6483579e+00
   4.2818589e+00   1.5666613e+00
   4.2875191e+00   1.5107848e+00
   4.2931794e+00   1.5018935e+00
   4.2988397e+00   1.5527942e+00
   4.3045000e+00   1.6930120e+00
   4.3101603e+00   1.9808663e+00
   4.3158206e+00   2.5253314e+00
   4.3214808e+00   3.3825367e+00
   4.3271411e+00   4.5022387e+00
   4.3328014e+00   5.6117469e+00
   4.3384617e+00   6.6537775e+00
   4.3441220e+00   7.3796247e+00
   4.3497823e+00   7.2543018e+00
   4.3554426e+00   6.4127169e+00
   4.3611028e+00   5.5230320e+00
   4.3667631e+00   4.6215963e+00
   4.3724234e+00   3.8204191e+00
   4.3780837e+00   3.2046977e+00
   4.3837440e+00   2.7624477e+00
   4.3894043e+00   2.4026464e+00
   4.3950645e+00   2.0884227e+00
   4.4007248e+00   1.8265348e+00
   4.4063851e+00   1.6246660e+00
   4.4120454e+00   1.4936924e+00
   4.4177057e+00   1.4132442e+00
   4.4233660e+00   1.3645000e+00
   4.4290263e+00   1.3312397e+00
   4.4346865e+00   1.3074236e+00
   4.4403468e+00   1.2912305e+00
   4.4460071e+00   1.2790216e+00
   4.4516674e+00   1.2680140e+00
   4.4573277e+00   1.2603010e+00
   4.4629880e+00   1.2542494e+00
   4.4686482e+00   1.2501135e+00
   4.4743085e+00   1.2452786e+00
   4.4799688e+00   1.2418887e+00
   4.4856291e+00   1.2396559e+00
   4.4912894e+00   1.2369865e+00
   4.4969497e+00   1.2366927e+00
   4.5026099e+00   1.2358617e+00
   4.5082702e+00   1.2364330e+00
   4.5139305e+00   1.2384550e+00
   4.5195908e+00   1.2383987e+00
   4.5252511e+00   1.2396146e+00
   4.5309114e+00   1.2410998e+00
   4.5365717e+00   1.2409228e+00
   4.5422319e+00   1.2414120e+00
   4.5478922e+00   1.2436400e+00
   4.5535525e+00   1.2460914e+00
   4.5592128e+00   1.2475658e+00
   4.5648731e+00   1.2500530e+00
   4.5705334e+00   1.2519958e+00
   4.5761936e+00   1.2543789e+00
   4.5818539e+00   1.2557820e+00
   4.5875142e+00   1.2589128e+00
   4.5931745e+00   1.2628735e+00
   4.5988348e+00   1.2656002e+00
   4.6044951e+00   1.2696278e+00
   4.6101554e+00   1.2736453e+00
   4.6158156e+00   1.2792793e+00
   4.6214759e+00   1.2842840e+00
   4.6271362e+00   1.2898095e+00
   4.6327965e+00   1.2994137e+00
   4.6384568e+00   1.3111051e+00
   4.6441171e+00   1.3258124e+00
   4.6497773e+00   1.3441782e+00
   4.6554376e+00   1.3715611e+00
   4.6610979e+00   1.4137899e+00
   4.6667582e+00   1.4821486e+00
   4.6724185e+00   1.6076126e+00
   4.6780788e+00   1.8466329e+00
   4.6837391e+00   2.2764833e+00
   4.6893993e+00   2.9851612e+00
   4.6950596e+00   3.9086669e+00
   4.7007199e+00   4.9371506e+00
   4.7063802e+00   5.8669859e+00
   4.7120405e+00   6.7752719e+00
   4.7177008e+00   7.1400606e+00
   4.7233610e+00   6.7005136e+00
   4.7290213e+00   5.8144842e+00
   4.7346816e+00   5.0851794e+00
   4.7403419e+00   4.5399427e+00
   4.7460022e+00   4.3827226e+00
   4.7516625e+00   4.7592628e+00
   4.7573228e+00   5.8586748e+00
   4.7629830e+00   7.5778705e+00
   4.7686433e+00   9.7856265e+00
   4.7743036e+00   1.1489031e+01
   4.7799639e+00   1.2282637e+01
   4.7856242e+00   1.2673888e+01
   4.7912845e+00   1.3899680e+01
   4.7969447e+00   1.4342884e+01
   4.8026050e+00   1.3384484e+01
   4.8082653e+00   1.1577757e+01
   4.8139256e+00   9.2979466e+00
   4.8195859e+00   6.8798298e+00
   4.8252462e+00   4.7954153e+00
   4.8309065e+00   3.4868377e+00
   4.8365667e+00   3.1464194e+00
   4.8422270e+00   3.7066581e+00
   4.8478873e+00   4.9156308e+00
   4.8535476e+00   6.1943585e+00
   4.8592079e+00   7.2363816e+00
   4.8648682e+00   8.5627636e+00
   4.8705284e+00   8.9159284e+00
   4.8761887e+00   7.5713073e+00
   4.8818490e+00   5.9298772e+00
   4.8875093e+00   4.6346175e+00
   4.8931696e+00   3.3222459e+00
   4.8988299e+00   2.3003899e+00
   4.9044902e+00   1.7429003e+00
   4.9101504e+00   1.5200650e+00
   4.9158107e+00   1.4341164e+00
   4.9214710e+00   1.3934790e+00
   4.9271313e+00   1.3720409e+00
   4.9327916e+00   1.3619772e+00
   4.9384519e+00   1.3622631e+00
   4.9441121e+00   1.3766632e+00
   4.9497724e+00   1.4151272e+00
   4.9554327e+00   1.4873810e+00
   4.9610930e+00   1.5993129e+00
   4.9667533e+00   1.7316158e+00
   4.9724136e+00   1.8492942e+00
   4.9780738e+00   1.9336382e+00
   4.9837341e+00   1.9786666e+00
   4.9893944e+00   1.9651603e+00
   4.9950547e+00   1.8998461e+00
   5.0007150e+00   1.8040447e+00
   5.0063753e+00   1.6984295e+00
   5.0120356e+00   1.6032265e+00
   5.0176958e+00   1.5519760e+00
   5.0233561e+00   1.5589157e+00
   5.0290164e+00   1.6505056e+00
   5.0346767e+00   1.8851591e+00
   5.0403370e+00   2.3607391e+00
   5.0459973e+00   3.0962154e+00
   5.0516575e+00   4.0405725e+00
   5.0573178e+00   4.8822147e+00
   5.0629781e+00   5.5787329e+00
   5.0686384e+00   6.2831748e+00
   5.0742987e+00   6.3800972e+00
   5.0799590e+00   5.5620732e+00
   5.0856193e+00   4.5687330e+00
   5.0912795e+00   3.6879742e+00
   5.0969398e+00   2.8298874e+00
   5.1026001e+00   2.1120307e+00
   5.1082604e+00   1.6629873e+00
   5.1139207e+00   1.4310965e+00
   5.1195810e+00   1.3236756e+00
   5.1252412e+00   1.2751124e+00
   5.1309015e+00   1.2479390e+00
   5.1365618e+00   1.2302860e+00
   5.1422221e+00   1.2178612e+00
   5.1478824e+00   1.2086566e+00
   5.1535427e+00   1.2044146e+00
   5.1592030e+00   1.1986347e+00
   5.1648632e+00   1.1931422e+00
   5.1705235e+00   1.1890469e+00
   5.1761838e+00   1.1848002e+00
   5.1818441e+00   1.1829342e+00
   5.1875044e+00   1.1805264e+00
   5.1931647e+00   1.1788447e+00
   5.1988249e+00   1.1775798e+00
   5.2044852e+00   1.1763664e+00
   5.2101455e+00   1.1752998e+00
   5.2158058e+00   1.1723572e+00
   5.2214661e+00   1.1718637e+00
   5.2271264e+00   1.1708612e+00
   5.2327867e+00   1.1701863e+00
   5.2384469e+00   1.1687516e+00
   5.2441072e+00   1.1686125e+00
   5.2497675e+00   1.1710773e+00
   5.2554278e+00   1.1718657e+00
   5.2610881e+00   1.1718380e+00
   5.2667484e+00   1.1728580e+00
   5.2724086e+00   1.1755781e+00
   5.2780689e+00   1.1791529e+00
   5.2837292e+00   1.1816378e+00
   5.2893895e+00   1.1876776e+00
   5.2950498e+00   1.1927533e+00
   5.3007101e+00   1.1995823e+00
   5.3063704e+00   1.2060034e+00
   5.3120306e+00   1.2147118e+00
   5.3176909e+00   1.2308396e+00
   5.3233512e+00   1.2608577e+00
   5.3290115e+00   1.3376975e+00
   5.3346718e+00   1.5682781e+00
   5.3403321e+00   2.1164582e+00
   5.3459923e+00   3.0806863e+00
   5.3516526e+00   4.2215145e+00
   5.3573129e+00   5.4410329e+00
   5.3629732e+00   6.8916820e+00
   5.3686335e+00   8.7189464e+00
   5.3742938e+00   9.8842585e+00
   5.3799541e+00   9.3051568e+00
   5.3856143e+00   7.4623700e+00
   5.3912746e+00   5.5929429e+00
   5.3969349e+00   3.9594884e+00
   5.4025952e+00   2.6239467e+00
   5.4082555e+00   1.7996966e+00
   5.4139158e+00   1.4419712e+00
   5.4195760e+00   1.3278431e+00
   5.4252363e+00   1.2903422e+00
   5.4308966e+00   1.2736819e+00
   5.4365569e+00   1.2675249e+00
   5.4422172e+00   1.2664367e+00
   5.4478775e+00   1.2727415e+00
   5.4535377e+00   1.2887974e+00
   5.4591980e+00   1.3183513e+00
   5.4648583e+00   1.3696879e+00
   5.4705186e+00   1.4520200e+00
   5.4761789e+00   1.5688524e+00
   5.4818392e+00   1.7175127e+00
   5.4874995e+00   1.8748092e+00
   5.4931597e+00   2.0327693e+00
   5.4988200e+00   2.1631034e+00
   5.5044803e+00   2.2612894e+00
   5.5101406e+00   2.3173537e+00
   5.5158009e+00   2.3533670e+00
   5.5214612e+00   2.3882598e+00
   5.5271214e+00   2.4041928e+00
   5.5327817e+00   2.3754020e+00
   5.5384420e+00   2.2858284e+00
   5.5441023e+00   2.1769915e+00
   5.5497626e+00   2.0903461e+00
   5.5554229e+00   2.0441297e+00
   5.5610832e+00   2.0133667e+00
   5.5667434e+00   1.9572341e+00
   5.5724037e+00   1.8817720e+00
   5.5780640e+00   1.8172694e+00
   5.5837243e+00   1.7967504e+00
   5.5893846e+00   1.8491516e+00
   5.5950449e+00   2.0024532e+00
   5.6007051e+00   2.2674087e+00
   5.6063654e+00   2.6328598e+00
   5.6120257e+00   3.0848908e+00
   5.6176860e+00   3.6077598e+00
   5.6233463e+00   4.1394724e+00
   5.6290066e+00   4.6285726e+00
   5.6346669e+00   4.8795685e+00
   5.6403271e+00   4.7615353e+00
   5.6459874e+00   4.3017249e+00
   5.6516477e+00   3.7635994e+00
   5.6573080e+00   3.3215920e+00
   5.6629683e+00   2.9634950e+00
   5.6686286e+00   2.6588641e+00
   5.6742888e+00   2.4560045e+00
   5.6799491e+00   2.3607006e+00
   5.6856094e+00   2.3357075e+00
   5.6912697e+00   2.3153707e+00
   5.6969300e+00   2.2557785e+00
   5.7025903e+00   2.1581442e+00
   5.7082506e+00   2.0281825e+00
   5.7139108e+00   1.8914189e+00
   5.7195711e+00   1.7572453e+00
   5.7252314e+00   1.6244126e+00
   5.7308917e+00   1.5125495e+00
   5.7365520e+00   1.4304440e+00
   5.7422123e+00   1.3843139e+00
   5.7478725e+00   1.3650067e+00
   5.7535328e+00   1.3601886e+00
   5.7591931e+00   1.3646695e+00
   5.7648534e+00   1.3741791e+00
   5.7705137e+00   1.3901335e+00
   5.7761740e+00   1.4148783e+00
   5.7818343e+00   1.4477017e+00
   5.7874945e+00   1.4967217e+00
   5.7931548e+00   1.5683022e+00
   5.7988151e+00   1.6742332e+00
   5.8044754e+00   1.8437143e+00
   5.8101357e+00   2.1215046e+00
   5.8157960e+00   2.6361679e+00
   5.8214562e+00   3.6162082e+00
   5.8271165e+00   5.3118645e+00
   5.8327768e+00   7.8485294e+00
   5.8384371e+00   1.0665148e+01
   5.8440974e+00   1.3191254e+01
   5.8497577e+00   1.4995063e+01
   5.8554180e+00   1.7897251e+01
   5.8610782e+00   2.1784631e+01
   5.8667385e+00   2.5329223e+01
   5.8723988e+00   2.5771205e+01
   5.8780591e+00   2.2320479e+01
   5.8837194e+00   1.8321171e+01
   5.8893797e+00   1.5518986e+01
   5.8950399e+00   1.4219337e+01
   5.9007002e+00   1.2204726e+01
   5.9063605e+00   9.8399542e+00
   5.9120208e+00   7.6853412e+00
   5.9176811e+00   6.2694318e+00
   5.9233414e+00   5.4821355e+00
   5.9290016e+00   5.1375424e+00
   5.9346619e+00   4.8003450e+00
   5.9403222e+00   4.2697875e+00
   5.9459825e+00   3.7247259e+00
   5.9516428e+00   3.2103223e+00
   5.9573031e+00   2.7171229e+00
   5.9629634e+00   2.2686966e+00
   5.9686236e+00   1.9235196e+00
   5.9742839e+00   1.7006530e+00
   5.9799442e+00   1.5773286e+00
   5.9856045e+00   1.5258685e+00
   5.9912648e+00   1.5158679e+00
   5.9969251e+00   1.5267078e+00
   6.0025853e+00   1.5417125e+00
   6.0082456e+00   1.5492814e+00
   6.0139059e+00   1.5505306e+00
   6.0195662e+00   1.5408276e+00
   6.0252265e+00   1.5201948e+00
   6.0308868e+00   1.4921315e+00
   6.0365471e+00   1.4549114e+00
   6.0422073e+00   1.4145152e+00
   6.0478676e+00   1.3780387e+00
   6.0535279e+00   1.3565496e+00
   6.0591882e+00   1.3589490e+00
   6.0648485e+00   1.3875013e+00
   6.0705088e+00   1.4405424e+00
   6.0761690e+00   1.5093033e+00
   6.0818293e+00   1.5780516e+00
   6.0874896e+00   1.6337817e+00
   6.0931499e+00   1.6671074e+00
   6.0988102e+00   1.6800066e+00
   6.1044705e+00   1.6669242e+00
   6.1101308e+00   1.6310706e+00
   6.1157910e+00   1.5749264e+00
   6.1214513e+00   1.5065142e+00
   6.1271116e+00   1.4290244e+00
   6.1327719e+00   1.3549657e+00
   6.1384322e+00   1.2939231e+00
   6.1440925e+00   1.2513098e+00
   6.1497527e+00   1.2258823e+00
   6.1554130e+00   1.2108093e+00
   6.1610733e+00   1.2022751e+00
   6.1667336e+00   1.1982578e+00
   6.1723939e+00   1.1953293e+00
   6.1780542e+00   1.1937051e+00
   6.1837145e+00   1.1933429e+00
   6.1893747e+00   1.1940952e+00
   6.1950350e+00   1.1986813e+00
   6.2006953e+00   1.2004127e+00
   6.2063556e+00   1.1995235e+00
   6.2120159e+00   1.2039814e+00
   6.2176762e+00   1.2082495e+00
   6.2233364e+00   1.2139826e+00
   6.2289967e+00   1.2229922e+00
   6.2346570e+00   1.2364896e+00
   6.2403173e+00   1.2574997e+00
   6.2459776e+00   1.2976376e+00
   6.2516379e+00   1.3862951e+00
   6.2572982e+00   1.5852873e+00
   6.2629584e+00   1.9826948e+00
   6.2686187e+00   2.6072307e+00
   6.2742790e+00   3.4038461e+00
   6.2799393e+00   4.2381167e+00
   6.2855996e+00   5.1188704e+00
   6.2912599e+00   6.3214004e+00
   6.2969201e+00   7.8211130e+00
   6.3025804e+00   8.8335396e+00
   6.3082407e+00   8.5554168e+00
   6.3139010e+00   7.2004117e+00
   6.3195613e+00   5.6253950e+00
   6.3252216e+00   4.3017345e+00
   6.3308819e+00   3.1461457e+00
   6.3365421e+00   2.2520864e+00
   6.3422024e+00   1.6834932e+00
   6.3478627e+00   1.4171859e+00
   6.3535230e+00   1.3140320e+00
   6.3591833e+00   1.2737394e+00
   6.3648436e+00   1.2558607e+00
   6.3705038e+00   1.2494434e+00
   6.3761641e+00   1.2520824e+00
   6.3818244e+00   1.2606961e+00
   6.3874847e+00   1.2704481e+00
   6.3931450e+00   1.2800089e+00
   6.3988053e+00   1.2899306e+00
   6.4044656e+00   1.3032017e+00
   6.4101258e+00   1.3226006e+00
   6.4157861e+00   1.3502710e+00
   6.4214464e+00   1.3885492e+00
   6.4271067e+00   1.4424511e+00
   6.4327670e+00   1.5170707e+00
   6.4384273e+00   1.6168155e+00
   6.4440875e+00   1.7337583e+00
   6.4497478e+00   1.8564715e+00
   6.4554081e+00   1.9653521e+00
   6.4610684e+00   2.0486899e+00
   6.4667287e+00   2.1083442e+00
   6.4723890e+00   2.1402168e+00
   6.4780492e+00   2.1398459e+00
   6.4837095e+00   2.1265363e+00
   6.4893698e+00   2.1227673e+00
   6.4950301e+00   2.1272696e+00
   6.5006904e+00   2.1386394e+00
   6.5063507e+00   2.1525268e+00
   6.5120110e+00   2.1602532e+00
   6.5176712e+00   2.1583620e+00
   6.5233315e+00   2.1527924e+00
   6.5289918e+00   2.1341121e+00
   6.5346521e+00   2.0961590e+00
   6.5403124e+00   2.0769210e+00
   6.5459727e+00   2.1058107e+00
   6.5516329e+00   2.1780951e+00
   6.5572932e+00   2.2769413e+00
   6.5629535e+00   2.3806580e+00
   6.5686138e+00   2.5101996e+00
   6.5742741e+00   2.7375677e+00
   6.5799344e+00   3.0080952e+00
   6.5855947e+00   3.0995629e+00
   6.5912549e+00   2.8977289e+00
   6.5969152e+00   2.5550297e+00
   6.6025755e+00   2.2370890e+00
   6.6082358e+00   1.9439903e+00
   6.6138961e+00   1.6665516e+00
   6.6195564e+00   1.4550119e+00
   6.6252166e+00   1.3316011e+00
   6.6308769e+00   1.2815572e+00
   6.6365372e+00   1.2691839e+00
   6.6421975e+00   1.2696344e+00
   6.6478578e+00   1.2762974e+00
   6.6535181e+00   1.2858472e+00
   6.6591784e+00   1.2967684e+00
   6.6648386e+00   1.3095657e+00
   6.6704989e+00   1.3232854e+00
   6.6761592e+00   1.3380919e+00
   6.6818195e+00   1.3536516e+00
   6.6874798e+00   1.3734098e+00
   6.6931401e+00   1.4014792e+00
   6.6988003e+00   1.4353473e+00
   6.7044606e+00   1.4817392e+00
   6.7101209e+00   1.5580871e+00
   6.7157812e+00   1.6926655e+00
   6.7214415e+00   1.9277958e+00
   6.7271018e+00   2.3402890e+00
   6.7327621e+00   3.0242300e+00
   6.7384223e+00   3.9214862e+00
   6.7440826e+00   4.9869256e+00
   6.7497429e+00   5.9174637e+00
   6.7554032e+00   6.6396457e+00
   6.7610635e+00   7.1998229e+00
   6.7667238e+00   8.5085438e+00
   6.7723840e+00   1.0832661e+01
   6.7780443e+00   1.2204215e+01
   6.7837046e+00   1.1995764e+01
   6.7893649e+00   1.0136330e+01
   6.7950252e+00   7.7029019e+00
   6.8006855e+00   6.6179350e+00
   6.8063458e+00   6.0671564e+00
   6.8120060e+00   5.3453070e+00
   6.8176663e+00   4.4351981e+00
   6.8233266e+00   3.4488281e+00
   6.8289869e+00   2.6153058e+00
   6.8346472e+00   2.0211445e+00
   6.8403075e+00   1.6657002e+00
   6.8459677e+00   1.4776220e+00
   6.8516280e+00   1.3641200e+00
   6.8572883e+00   1.3015479e+00
   6.8629486e+00   1.2601467e+00
   6.8686089e+00   1.2329587e+00
   6.8742692e+00   1.2127430e+00
   6.8799295e+00   1.1963845e+00
   6.8855897e+00   1.1826805e+00
   6.8912500e+00   1.1718398e+00
   6.8969103e+00   1.1633640e+00
   6.9025706e+00   1.1554106e+00
   6.9082309e+00   1.1476164e+00
   6.9138912e+00   1.1395032e+00
   6.9195514e+00   1.1322384e+00
   6.9252117e+00   1.1249495e+00
   6.9308720e+00   1.1179569e+00
   6.9365323e+00   1.1116953e+00
   6.9421926e+00   1.1064827e+00
   6.9478529e+00   1.1031494e+00
   6.9535131e+00   1.1001904e+00
   6.9591734e+00   1.0975728e+00
   6.9648337e+00   1.0946420e+00
   6.9704940e+00   1.0909861e+00
   6.9761543e+00   1.0886378e+00
   6.9818146e+00   1.0879721e+00
   6.9874749e+00   1.0872579e+00
   6.9931351e+00   1.0855262e+00
   6.9987954e+00   1.0841199e+00
   7.0044557e+00   1.0834712e+00
   7.0101160e+00   1.0835057e+00
   7.0157763e+00   1.0832046e+00
   7.0214366e+00   1.0924422e+00
   7.0270968e+00   1.1094624e+00
   7.0327571e+00   1.1080578e+00
   7.0384174e+00   1.1132370e+00
   7.0440777e+00   1.1170065e+00
   7.0497380e+00   1.1174997e+00
   7.0553983e+00   1.1124998e+00
   7.0610586e+00   1.1195502e+00
   7.0667188e+00   1.1377108e+00
   7.0723791e+00   1.1633480e+00
   7.0780394e+00   1.1934508e+00
   7.0836997e+00   1.2208987e+00
   7.0893600e+00   1.2412724e+00
   7.0950203e+00   1.2622098e+00
   7.1006805e+00   1.2867018e+00
   7.1063408e+00   1.2968289e+00
   7.1120011e+00   1.2887671e+00
   7.1176614e+00   1.2743900e+00
   7.1233217e+00   1.2428480e+00
   7.1289820e+00   1.2166147e+00
   7.1346423e+00   1.1923288e+00
   7.1403025e+00   1.1671445e+00
   7.1459628e+00   1.1535355e+00
   7.1516231e+00   1.1467253e+00
   7.1572834e+00   1.1534329e+00
   7.1629437e+00   1.1725461e+00
   7.1686040e+00   1.2003107e+00
   7.1742642e+00   1.2310234e+00
   7.1799245e+00   1.2633126e+00
   7.1855848e+00   1.2914021e+00
   7.1912451e+00   1.3129734e+00
   7.1969054e+00   1.3255927e+00
   7.2025657e+00   1.3302301e+00
   7.2082260e+00   1.3263656e+00
   7.2138862e+00   1.3128272e+00
   7.2195465e+00   1.2904349e+00
   7.2252068e+00   1.2631036e+00
   7.2308671e+00   1.2333993e+00
   7.2365274e+00   1.2037856e+00
   7.2421877e+00   1.1790609e+00
   7.2478479e+00   1.1615485e+00
   7.2535082e+00   1.1522098e+00
   7.2591685e+00   1.1513407e+00
   7.2648288e+00   1.1582771e+00
   7.2704891e+00   1.1752344e+00
   7.2761494e+00   1.1958528e+00
   7.2818097e+00   1.2083234e+00
   7.2874699e+00   1.2214083e+00
   7.2931302e+00   1.2352140e+00
   7.2987905e+00   1.2504046e+00
   7.3044508e+00   1.2693649e+00
   7.3101111e+00   1.2928056e+00
   7.3157714e+00   1.3206910e+00
   7.3214316e+00   1.3498511e+00
   7.3270919e+00   1.3765056e+00
   7.3327522e+00   1.3977242e+00
   7.3384125e+00   1.4144441e+00
   7.3440728e+00   1.4289714e+00
   7.3497331e+00   1.4452796e+00
   7.3553934e+00   1.4643173e+00
   7.3610536e+00   1.4850053e+00
   7.3667139e+00   1.5096870e+00
   7.3723742e+00   1.5360615e+00
   7.3780345e+00   1.5503444e+00
   7.3836948e+00   1.5652862e+00
   7.3893551e+00   1.5889154e+00
   7.3950153e+00   1.6146185e+00
   7.4006756e+00   1.6210408e+00
   7.4063359e+00   1.6099644e+00
   7.4119962e+00   1.6125835e+00
   7.4176565e+00   1.6586331e+00
   7.4233168e+00   1.7481657e+00
   7.4289770e+00   1.8641231e+00
   7.4346373e+00   1.9653924e+00
   7.4402976e+00   2.0670211e+00
   7.4459579e+00   2.1700955e+00
   7.4516182e+00   2.2825955e+00
   7.4572785e+00   2.4121371e+00
   7.4629388e+00   2.5367807e+00
   7.4685990e+00   2.6538694e+00
   7.4742593e+00   2.7144367e+00
   7.4799196e+00   2.6644642e+00
   7.4855799e+00   2.6466973e+00
   7.4912402e+00   2.6306153e+00
   7.4969005e+00   2.5444237e+00
   7.5025607e+00   2.4914902e+00
   7.5082210e+00   2.4709998e+00
   7.5138813e+00   2.5051688e+00
   7.5195416e+00   7.1672436e+00
   7.5252019e+00   7.0385991e+00
   7.5308622e+00   3.2036930e+00
   7.5365225e+00   3.7018075e+00
   7.5421827e+00   4.2554076e+00
   7.5478430e+00   4.7924866e+00
   7.5535033e+00   5.2288616e+00
   7.5591636e+00   5.5860599e+00
   7.5648239e+00   5.9870044e+00
   7.5704842e+00   6.5652920e+00
   7.5761444e+00   7.1103682e+00
   7.5818047e+00   7.3457205e+00
   7.5874650e+00   7.1739583e+00
   7.5931253e+00   6.7880723e+00
   7.5987856e+00   6.3664610e+00
   7.6044459e+00   5.8733390e+00
   7.6101062e+00   5.3612093e+00
   7.6157664e+00   4.8393252e+00
   7.6214267e+00   4.2580462e+00
   7.6270870e+00   3.6490140e+00
   7.6327473e+00   3.1160451e+00
   7.6384076e+00   2.7408715e+00
   7.6440679e+00   2.5494515e+00
   7.6497281e+00   2.4993946e+00
   7.6553884e+00   2.5261531e+00
   7.6610487e+00   2.5780086e+00
   7.6667090e+00   2.6427589e+00
   7.6723693e+00   2.7083607e+00
   7.6780296e+00   2.7181016e+00
   7.6836899e+00   2.6310399e+00
   7.6893501e+00   2.4678016e+00
   7.6950104e+00   2.2875966e+00
   7.7006707e+00   2.1111215e+00
   7.7063310e+00   1.9297730e+00
   7.7119913e+00   1.7435243e+00
   7.7176516e+00   1.5726088e+00
   7.7233118e+00   1.4311555e+00
   7.7289721e+00   1.3292878e+00
   7.7346324e+00   1.2631747e+00
   7.7402927e+00   1.2218739e+00
   7.7459530e+00   1.1999403e+00
   7.7516133e+00   1.1929128e+00
   7.7572736e+00   1.1960251e+00
   7.7629338e+00   1.2114955e+00
   7.7685941e+00   1.2399535e+00
   7.7742544e+00   1.2776641e+00
   7.7799147e+00   1.3192444e+00
   7.7855750e+00   1.3581461e+00
   7.7912353e+00   1.3933117e+00
   7.7968955e+00   1.4183955e+00
   7.8025558e+00   1.4357981e+00
   7.8082161e+00   1.4443643e+00
   7.8138764e+00   1.4377502e+00
   7.8195367e+00   1.4127042e+00
   7.8251970e+00   1.3906089e+00
   7.8308573e+00   1.3515184e+00
   7.8365175e+00   1.3013319e+00
   7.8421778e+00   1.2551243e+00
   7.8478381e+00   1.2113315e+00
   7.8534984e+00   1.1749565e+00
   7.8591587e+00   1.1466459e+00
   7.8648190e+00   1.1248005e+00
   7.8704792e+00   1.1122903e+00
   7.8761395e+00   1.1030995e+00
   7.8817998e+00   1.0974606e+00
   7.8874601e+00   1.0935512e+00
   7.8931204e+00   1.0898905e+00
   7.8987807e+00   1.0879736e+00
   7.9044409e+00   1.0870189e+00
   7.9101012e+00   1.0865543e+00
   7.9157615e+00   1.0855768e+00
   7.9214218e+00   1.0851702e+00
   7.9270821e+00   1.0862689e+00
   7.9327424e+00   1.0860000e+00
   7.9384027e+00   1.0859051e+00
   7.9440629e+00   1.0857586e+00
   7.9497232e+00   1.0875362e+00
   7.9553835e+00   1.0897609e+00
   7.9610438e+00   1.0915839e+00
   7.9667041e+00   1.0941819e+00
   7.9723644e+00   1.0972268e+00
   7.9780246e+00   1.1007860e+00
   7.9836849e+00   1.1093030e+00
   7.9893452e+00   1.1247102e+00
   7.9950055e+00   1.1487330e+00
   8.0006658e+00   1.1671976e+00
   8.0063261e+00   1.1720540e+00
   8.0119864e+00   1.1934575e+00
   8.0176466e+00   1.2165745e+00
   8.0233069e+00   1.2370490e+00
   8.0289672e+00   1.2591443e+00
   8.0346275e+00   1.2837697e+00
   8.0402878e+00   1.3135173e+00
   8.0459481e+00   1.3400403e+00
   8.0516083e+00   1.3689807e+00
   8.0572686e+00   1.3944022e+00
   8.0629289e+00   1.4110660e+00
   8.0685892e+00   1.4265027e+00
   8.0742495e+00   1.4437280e+00
   8.0799098e+00   1.4522316e+00
   8.0855701e+00   1.4622406e+00
   8.0912303e+00   1.4778291e+00
   8.0968906e+00   1.4880143e+00
   8.1025509e+00   1.5096041e+00
   8.1082112e+00   1.5466639e+00
   8.1138715e+00   1.5865540e+00
   8.1195318e+00   1.6319992e+00
   8.1251920e+00   1.6673928e+00
   8.1308523e+00   1.6880936e+00
   8.1365126e+00   1.7029209e+00
   8.1421729e+00   1.7054512e+00
   8.1478332e+00   1.6947329e+00
   8.1534935e+00   1.6697588e+00
   8.1591538e+00   1.6299609e+00
   8.1648140e+00   1.5837614e+00
   8.1704743e+00   1.5295927e+00
   8.1761346e+00   1.4656140e+00
   8.1817949e+00   1.4028939e+00
   8.1874552e+00   1.3435004e+00
   8.1931155e+00   1.2904200e+00
   8.1987757e+00   1.2574603e+00
   8.2044360e+00   1.2378571e+00
   8.2100963e+00   1.2354883e+00
   8.2157566e+00   1.2479761e+00
   8.2214169e+00   1.2755489e+00
   8.2270772e+00   1.3339918e+00
   8.2327375e+00   1.4308533e+00
   8.2383977e+00   1.5775725e+00
   8.2440580e+00   1.7909110e+00
   8.2497183e+00   2.0537245e+00
   8.2553786e+00   2.3564966e+00
   8.2610389e+00   2.6623473e+00
   8.2666992e+00   2.9442012e+00
   8.2723594e+00   3.2116478e+00
   8.2780197e+00   3.4936962e+00
   8.2836800e+00   3.7842969e+00
   8.2893403e+00   3.9660144e+00
   8.2950006e+00   3.9659468e+00
   8.3006609e+00   3.7889536e+00
   8.3063212e+00   3.5492779e+00
   8.3119814e+00   3.3458104e+00
   8.3176417e+00   3.2160636e+00
   8.3233020e+00   3.1278851e+00
   8.3289623e+00   3.0461860e+00
   8.3346226e+00   2.9492540e+00
   8.3402829e+00   2.8147796e+00
   8.3459431e+00   2.6471180e+00
   8.3516034e+00   2.4541447e+00
   8.3572637e+00   2.2577677e+00
   8.3629240e+00   2.0770973e+00
   8.3685843e+00   1.9213870e+00
   8.3742446e+00   1.7969831e+00
   8.3799048e+00   1.6987562e+00
   8.3855651e+00   1.6243874e+00
   8.3912254e+00   1.5718743e+00
   8.3968857e+00   1.5423291e+00
   8.4025460e+00   1.5349297e+00
   8.4082063e+00   1.5431659e+00
   8.4138666e+00   1.5584972e+00
   8.4195268e+00   1.5726794e+00
   8.4251871e+00   1.5841533e+00
   8.4308474e+00   1.5959649e+00
   8.4365077e+00   1.6075056e+00
   8.4421680e+00   1.6231695e+00
   8.4478283e+00   1.6566481e+00
   8.4534885e+00   1.7092178e+00
   8.4591488e+00   1.7800082e+00
   8.4648091e+00   1.8551034e+00
   8.4704694e+00   1.9250348e+00
   8.4761297e+00   1.9877135e+00
   8.4817900e+00   2.0518008e+00
   8.4874503e+00   2.1410679e+00
   8.4931105e+00   2.2741302e+00
   8.4987708e+00   2.4279320e+00
   8.5044311e+00   2.5426882e+00
   8.5100914e+00   2.5703001e+00
   8.5157517e+00   2.5104702e+00
   8.5214120e+00   2.4015914e+00
   8.5270722e+00   2.2824175e+00
   8.5327325e+00   2.1506888e+00
   8.5383928e+00   2.0131012e+00
   8.5440531e+00   1.8786376e+00
   8.5497134e+00   1.7746931e+00
   8.5553737e+00   1.7086558e+00
   8.5610340e+00   1.6756526e+00
   8.5666942e+00   1.6602251e+00
   8.5723545e+00   1.6539788e+00
   8.5780148e+00   1.6530727e+00
   8.5836751e+00   1.6520266e+00
   8.5893354e+00   1.6473962e+00
   8.5949957e+00   1.6381538e+00
   8.6006559e+00   1.6240323e+00
   8.6063162e+00   1.6119560e+00
   8.6119765e+00   1.6013656e+00
   8.6176368e+00   1.5902377e+00
   8.6232971e+00   1.5762617e+00
   8.6289574e+00   1.5550472e+00
   8.6346177e+00   1.5302787e+00
   8.6402779e+00   1.5017083e+00
   8.6459382e+00   1.4734626e+00
   8.6515985e+00   1.4467953e+00
   8.6572588e+00   1.4234654e+00
   8.6629191e+00   1.4066536e+00
   8.6685794e+00   1.3949953e+00
   8.6742396e+00   1.3890443e+00
   8.6798999e+00   1.3862398e+00
   8.6855602e+00   1.3855581e+00
   8.6912205e+00   1.3871402e+00
   8.6968808e+00   1.3880884e+00
   8.7025411e+00   1.3875438e+00
   8.7082014e+00   1.3864164e+00
   8.7138616e+00   1.3822010e+00
   8.7195219e+00   1.3755375e+00
   8.7251822e+00   1.3666738e+00
   8.7308425e+00   1.3564403e+00
   8.7365028e+00   1.3436544e+00
   8.7421631e+00   1.3293568e+00
   8.7478233e+00   1.3140775e+00
   8.7534836e+00   1.3019073e+00
   8.7591439e+00   1.2946432e+00
   8.7648042e+00   1.2942168e+00
   8.7704645e+00   1.3008447e+00
   8.7761248e+00   1.3161629e+00
   8.7817851e+00   1.3370912e+00
   8.7874453e+00   1.3617774e+00
   8.7931056e+00   1.3851238e+00
   8.7987659e+00   1.4057642e+00
   8.8044262e+00   1.4220436e+00
   8.8100865e+00   1.4310629e+00
   8.8157468e+00   1.4379967e+00
   8.8214070e+00   1.4409226e+00
   8.8270673e+00   1.4413607e+00
   8.8327276e+00   1.4383435e+00
   8.8383879e+00   1.4296917e+00
   8.8440482e+00   1.4127475e+00
   8.8497085e+00   1.3883704e+00
   8.8553687e+00   1.3634271e+00
   8.8610290e+00   1.3431188e+00
   8.8666893e+00   1.3351733e+00
   8.8723496e+00   1.3420179e+00
   8.8780099e+00   1.3630758e+00
   8.8836702e+00   1.3989652e+00
   8.8893305e+00   1.4558948e+00
   8.8949907e+00   1.5519901e+00
   8.9006510e+00   1.7152220e+00
   8.9063113e+00   1.9690801e+00
   8.9119716e+00   2.3295886e+00
   8.9176319e+00   2.7717957e+00
   8.9232922e+00   3.2491531e+00
   8.9289524e+00   3.7026116e+00
   8.9346127e+00   4.0594110e+00
   8.9402730e+00   4.3043539e+00
   8.9459333e+00   4.5026761e+00
   8.9515936e+00   4.8929966e+00
   8.9572539e+00   5.6735502e+00
   8.9629142e+00   6.6653025e+00
   8.9685744e+00   7.5082412e+00
   8.9742347e+00   7.7936845e+00
   8.9798950e+00   7.4132546e+00
   8.9855553e+00   6.4491093e+00
   8.9912156e+00   5.3363946e+00
   8.9968759e+00   4.6454196e+00
   9.0025361e+00   4.3518275e+00
   9.0081964e+00   4.1261378e+00
   9.0138567e+00   3.8247915e+00
   9.0195170e+00   3.4191155e+00
   9.0251773e+00   2.9487985e+00
   9.0308376e+00   2.4986277e+00
   9.0364979e+00   2.1091687e+00
   9.0421581e+00   1.8287444e+00
   9.0478184e+00   1.6560570e+00
   9.0534787e+00   1.5632994e+00
   9.0591390e+00   1.5195185e+00
   9.0647993e+00   1.4998518e+00
   9.0704596e+00   1.4894969e+00
   9.0761198e+00   1.4811134e+00
   9.0817801e+00   1.4720150e+00
   9.0874404e+00   1.4585081e+00
   9.0931007e+00   1.4388725e+00
   9.0987610e+00   1.4161046e+00
   9.1044213e+00   1.3890729e+00
   9.1100816e+00   1.3582662e+00
   9.1157418e+00   1.3259129e+00
   9.1214021e+00   1.2922949e+00
   9.1270624e+00   1.2567172e+00
   9.1327227e+00   1.2221907e+00
   9.1383830e+00   1.1918092e+00
   9.1440433e+00   1.1681455e+00
   9.1497035e+00   1.1487927e+00
   9.1553638e+00   1.1342429e+00
   9.1610241e+00   1.1229084e+00
   9.1666844e+00   1.1153783e+00
   9.1723447e+00   1.1109727e+00
   9.1780050e+00   1.1050610e+00
   9.1836653e+00   1.1022403e+00
   9.1893255e+00   1.0999968e+00
   9.1949858e+00   1.0974971e+00
   9.2006461e+00   1.0967225e+00
   9.2063064e+00   1.0962764e+00
   9.2119667e+00   1.0965985e+00
   9.2176270e+00   1.0964677e+00
   9.2232872e+00   1.0965968e+00
   9.2289475e+00   1.0977803e+00
   9.2346078e+00   1.0995315e+00
   9.2402681e+00   1.1047628e+00
   9.2459284e+00   1.1132196e+00
   9.2515887e+00   1.1283399e+00
   9.2572490e+00   1.1540674e+00
   9.2629092e+00   1.1918123e+00
   9.2685695e+00   1.2426975e+00
   9.2742298e+00   1.3021019e+00
   9.2798901e+00   1.3650850e+00
   9.2855504e+00   1.4251048e+00
   9.2912107e+00   1.4810637e+00
   9.2968709e+00   1.5385231e+00
   9.3025312e+00   1.6013027e+00
   9.3081915e+00   1.6773094e+00
   9.3138518e+00   1.7507006e+00
   9.3195121e+00   1.8000769e+00
   9.3251724e+00   1.8058733e+00
   9.3308327e+00   1.7624193e+00
   9.3364929e+00   1.6892457e+00
   9.3421532e+00   1.6021722e+00
   9.3478135e+00   1.5123947e+00
   9.3534738e+00   1.4202060e+00
   9.3591341e+00   1.3343251e+00
   9.3647944e+00   1.2654913e+00
   9.3704546e+00   1.2174878e+00
   9.3761149e+00   1.1930938e+00
   9.3817752e+00   1.1874359e+00
   9.3874355e+00   1.1961476e+00
   9.3930958e+00   1.2136928e+00
   9.3987561e+00   1.2331113e+00
   9.4044163e+00   1.2580802e+00
   9.4100766e+00   1.2854124e+00
   9.4157369e+00   1.3085177e+00
   9.4213972e+00   1.3278211e+00
   9.4270575e+00   1.3467414e+00
   9.4327178e+00   1.3608513e+00
   9.4383781e+00   1.3691583e+00
   9.4440383e+00   1.3719052e+00
   9.4496986e+00   1.3688922e+00
   9.4553589e+00   1.3586822e+00
   9.4610192e+00   1.3423166e+00
   9.4666795e+00   1.3220215e+00
   9.4723398e+00   1.2986008e+00
   9.4780000e+00   1.2752468e+00
   9.4836603e+00   1.2522912e+00
   9.4893206e+00   1.2312902e+00
   9.4949809e+00   1.2128924e+00
   9.5006412e+00   1.1996590e+00
   9.5063015e+00   1.1922948e+00
   9.5119618e+00   1.1893408e+00
   9.5176220e+00   1.1919322e+00
   9.5232823e+00   1.2031194e+00
   9.5289426e+00   1.2236256e+00
   9.5346029e+00   1.2519133e+00
   9.5402632e+00   1.2877532e+00
   9.5459235e+00   1.3270755e+00
   9.5515837e+00   1.3631265e+00
   9.5572440e+00   1.3929839e+00
   9.5629043e+00   1.4167635e+00
   9.5685646e+00   1.4326590e+00
   9.5742249e+00   1.4387857e+00
   9.5798852e+00   1.4408765e+00
   9.5855455e+00   1.4453829e+00
   9.5912057e+00   1.4554078e+00
   9.5968660e+00   1.4651270e+00
   9.6025263e+00   1.4719463e+00
   9.6081866e+00   1.4752221e+00
   9.6138469e+00   1.4756740e+00
   9.6195072e+00   1.4761395e+00
   9.6251674e+00   1.4754717e+00
   9.6308277e+00   1.4671421e+00
   9.6364880e+00   1.4478489e+00
   9.6421483e+00   1.4177116e+00
   9.6478086e+00   1.3815259e+00
   9.6534689e+00   1.3434065e+00
   9.6591292e+00   1.3050366e+00
   9.6647894e+00   1.2709635e+00
   9.6704497e+00   1.2449807e+00
   9.6761100e+00   1.2257636e+00
   9.6817703e+00   1.2131092e+00
   9.6874306e+00   1.2074452e+00
   9.6930909e+00   1.2064973e+00
   9.6987511e+00   1.2099749e+00
   9.7044114e+00   1.2214093e+00
   9.7100717e+00   1.2341268e+00
   9.7157320e+00   1.2473003e+00
   9.7213923e+00   1.2618701e+00
   9.7270526e+00   1.2733791e+00
   9.7327129e+00   1.2821048e+00
   9.7383731e+00   1.2911617e+00
   9.7440334e+00   1.2996613e+00
   9.7496937e+00   1.3044605e+00
   9.7553540e+00   1.3076739e+00
   9.7610143e+00   1.3121287e+00
   9.7666746e+00   1.3176307e+00
   9.7723348e+00   1.3253414e+00
   9.7779951e+00   1.3314729e+00
   9.7836554e+00   1.3370281e+00
   9.7893157e+00   1.3437068e+00
   9.7949760e+00   1.3541923e+00
   9.8006363e+00   1.3731414e+00
   9.8062966e+00   1.3970327e+00
   9.8119568e+00   1.4267990e+00
   9.8176171e+00   1.4655980e+00
   9.8232774e+00   1.5150396e+00
   9.8289377e+00   1.5701882e+00
   9.8345980e+00   1.6252303e+00
   9.8402583e+00   1.6820081e+00
   9.8459185e+00   1.7328350e+00
   9.8515788e+00   1.7694735e+00
   9.8572391e+00   1.7966570e+00
   9.8628994e+00   1.8227616e+00
   9.8685597e+00   1.8522173e+00
   9.8742200e+00   1.8799959e+00
   9.8798802e+00   1.9096087e+00
   9.8855405e+00   1.9293552e+00
   9.8912008e+00   1.9254515e+00
   9.8968611e+00   1.8872522e+00
   9.9025214e+00   1.8182637e+00
   9.9081817e+00   1.7319947e+00
   9.9138420e+00   1.6429649e+00
   9.9195022e+00   1.5548799e+00
   9.9251625e+00   1.4700731e+00
   9.9308228e+00   1.4006653e+00
   9.9364831e+00   1.3480494e+00
   9.9421434e+00   1.3134321e+00
   9.9478037e+00   1.2967157e+00
   9.9534639e+00   1.2924860e+00
   9.9591242e+00   1.2918627e+00
   9.9647845e+00   1.2916342e+00
   9.9704448e+00   1.2906678e+00
   9.9761051e+00   1.2872166e+00
   9.9817654e+00   1.2835489e+00
   9.9874257e+00   1.2791185e+00
   9.9930859e+00   1.2718876e+00
   9.9987462e+00   1.2632962e+00
   1.0004407e+01   1.2564264e+00
   1.0010067e+01   1.2505290e+00
   1.0015727e+01   1.2462577e+00
   1.0021387e+01   1.2425544e+00
   1.0027048e+01   1.2413565e+00
   1.0032708e+01   1.2421686e+00
   1.0038368e+01   1.2457323e+00
   1.0044029e+01   1.2504780e+00
   1.0049689e+01   1.2582508e+00
   1.0055349e+01   1.2638934e+00
   1.0061009e+01   1.2691847e+00
   1.0066670e+01   1.2713066e+00
   1.0072330e+01   1.2767349e+00
   1.0077990e+01   1.2901289e+00
   1.0083650e+01   1.3126282e+00
   1.0089311e+01   1.3524558e+00
   1.0094971e+01   1.4169392e+00
   1.0100631e+01   1.5137578e+00
   1.0106292e+01   1.6509496e+00
   1.0111952e+01   1.8263533e+00
   1.0117612e+01   2.0308799e+00
   1.0123272e+01   2.2466718e+00
   1.0128933e+01   2.4546235e+00
   1.0134593e+01   2.6358204e+00
   1.0140253e+01   2.7794452e+00
   1.0145914e+01   2.8849464e+00
   1.0151574e+01   2.9657070e+00
   1.0157234e+01   3.0506072e+00
   1.0162894e+01   3.1999004e+00
   1.0168555e+01   3.4340581e+00
   1.0174215e+01   3.6526225e+00
   1.0179875e+01   3.7452055e+00
   1.0185536e+01   3.6571193e+00
   1.0191196e+01   3.4312302e+00
   1.0196856e+01   3.1727276e+00
   1.0202516e+01   2.9744462e+00
   1.0208177e+01   2.8440972e+00
   1.0213837e+01   2.7325344e+00
   1.0219497e+01   2.6047037e+00
   1.0225158e+01   2.4437243e+00
   1.0230818e+01   2.2581140e+00
   1.0236478e+01   2.0527479e+00
   1.0242138e+01   1.8468688e+00
   1.0247799e+01   1.6656024e+00
   1.0253459e+01   1.5220894e+00
   1.0259119e+01   1.4200569e+00
   1.0264780e+01   1.3627264e+00
   1.0270440e+01   1.3311286e+00
   1.0276100e+01   1.3164565e+00
   1.0281760e+01   1.3206586e+00
   1.0287421e+01   1.3308472e+00
   1.0293081e+01   1.3421231e+00
   1.0298741e+01   1.3555199e+00
   1.0304402e+01   1.3665756e+00
   1.0310062e+01   1.3727759e+00
   1.0315722e+01   1.3785766e+00
   1.0321382e+01   1.3819730e+00
   1.0327043e+01   1.3790394e+00
   1.0332703e+01   1.3722676e+00
   1.0338363e+01   1.3622784e+00
   1.0344024e+01   1.3476176e+00
   1.0349684e+01   1.3308981e+00
   1.0355344e+01   1.3135625e+00
   1.0361004e+01   1.2958191e+00
   1.0366665e+01   1.2799866e+00
   1.0372325e+01   1.2653415e+00
   1.0377985e+01   1.2530289e+00
   1.0383646e+01   1.2430816e+00
   1.0389306e+01   1.2381150e+00
   1.0394966e+01   1.2350360e+00
   1.0400626e+01   1.2350789e+00
   1.0406287e+01   1.2384531e+00
   1.0411947e+01   1.2382188e+00
   1.0417607e+01   1.2338900e+00
   1.0423268e+01   1.2290328e+00
   1.0428928e+01   1.2232837e+00
   1.0434588e+01   1.2192500e+00
   1.0440248e+01   1.2145529e+00
   1.0445909e+01   1.2054769e+00
   1.0451569e+01   1.2060275e+00
   1.0457229e+01   1.2055127e+00
   1.0462890e+01   1.1937968e+00
   1.0468550e+01   1.2088903e+00
   1.0474210e+01   1.2110682e+00
   1.0479870e+01   1.2346587e+00
   1.0485531e+01   1.2243147e+00
   1.0491191e+01   1.1876870e+00
   1.0496851e+01   1.1729500e+00
   1.0502512e+01   1.1682207e+00
   1.0508172e+01   1.2065391e+00
   1.0513832e+01   1.2042421e+00
   1.0519492e+01   1.1611450e+00
   1.0525153e+01   1.1594152e+00
   1.0530813e+01   1.1604768e+00
   1.0536473e+01   1.1622172e+00
   1.0542134e+01   1.1629316e+00
   1.0547794e+01   1.1658342e+00
   1.0553454e+01   1.1727707e+00
   1.0559114e+01   1.1791723e+00
   1.0564775e+01   1.1920409e+00
   1.0570435e+01   1.2078904e+00
   1.0576095e+01   1.2200464e+00
   1.0581756e+01   1.2350497e+00
   1.0587416e+01   1.2528142e+00
   1.0593076e+01   1.2747571e+00
   1.0598736e+01   1.2994239e+00
   1.0604397e+01   1.3249270e+00
   1.0610057e+01   1.3527773e+00
   1.0615717e+01   1.3806960e+00
   1.0621378e+01   1.4095712e+00
   1.0627038e+01   1.4447336e+00
   1.0632698e+01   1.4775585e+00
   1.0638358e+01   1.5028118e+00
   1.0644019e+01   1.5333118e+00
   1.0649679e+01   1.5801814e+00
   1.0655339e+01   1.6427269e+00
   1.0661000e+01   1.7386170e+00
   1.0666660e+01   1.8324863e+00
   1.0672320e+01   1.9468888e+00
   1.0677980e+01   2.0042869e+00
   1.0683641e+01   2.0059109e+00
   1.0689301e+01   2.0138875e+00
   1.0694961e+01   2.0429937e+00
   1.0700622e+01   2.0742689e+00
   1.0706282e+01   2.1055909e+00
   1.0711942e+01   2.1192474e+00
   1.0717602e+01   2.1671683e+00
   1.0723263e+01   2.2304289e+00
   1.0728923e+01   2.2906922e+00
   1.0734583e+01   2.3113544e+00
   1.0740243e+01   2.2866786e+00
   1.0745904e+01   2.2358348e+00
   1.0751564e+01   2.1869077e+00
   1.0757224e+01   2.1461850e+00
   1.0762885e+01   2.1101434e+00
   1.0768545e+01   2.0705093e+00
   1.0774205e+01   2.0203840e+00
   1.0779865e+01   1.9656854e+00
   1.0785526e+01   1.9015701e+00
   1.0791186e+01   1.8255131e+00
   1.0796846e+01   1.7428531e+00
   1.0802507e+01   1.6597276e+00
   1.0808167e+01   1.5863303e+00
   1.0813827e+01   1.5246460e+00
   1.0819487e+01   1.4848179e+00
   1.0825148e+01   1.4528041e+00
   1.0830808e+01   1.4237501e+00
   1.0836468e+01   1.4035774e+00
   1.0842129e+01   1.3847456e+00
   1.0847789e+01   1.3676596e+00
   1.0853449e+01   1.3519651e+00
   1.0859109e+01   1.3346101e+00
   1.0864770e+01   1.3185893e+00
   1.0870430e+01   1.3052589e+00
   1.0876090e+01   1.2912217e+00
   1.0881751e+01   1.2752991e+00
   1.0887411e+01   1.2587307e+00
   1.0893071e+01   1.2480136e+00
   1.0898731e+01   1.2390474e+00
   1.0904392e+01   1.2340085e+00
   1.0910052e+01   1.2293968e+00
   1.0915712e+01   1.2278396e+00
   1.0921373e+01   1.2286337e+00
   1.0927033e+01   1.2292826e+00
   1.0932693e+01   1.2281675e+00
   1.0938353e+01   1.2304108e+00
   1.0944014e+01   1.2337062e+00
   1.0949674e+01   1.2406711e+00
   1.0955334e+01   1.2484569e+00
   1.0960995e+01   1.2563014e+00
   1.0966655e+01   1.2611983e+00
   1.0972315e+01   1.2706394e+00
   1.0977975e+01   1.2864259e+00
   1.0983636e+01   1.3040819e+00
   1.0989296e+01   1.3153607e+00
   1.0994956e+01   1.3280340e+00
   1.1000617e+01   1.3457112e+00
   1.1006277e+01   1.3618155e+00
   1.1011937e+01   1.3726553e+00
   1.1017597e+01   1.3865087e+00
   1.1023258e+01   1.3982962e+00
   1.1028918e+01   1.4090564e+00
   1.1034578e+01   1.4180316e+00
   1.1040239e+01   1.4203010e+00
   1.1045899e+01   1.4224486e+00
   1.1051559e+01   1.4246521e+00
   1.1057219e+01   1.4207156e+00
   1.1062880e+01   1.4169276e+00
   1.1068540e+01   1.4155367e+00
   1.1074200e+01   1.4115093e+00
   1.1079861e+01   1.4046391e+00
   1.1085521e+01   1.3940483e+00
   1.1091181e+01   1.3785671e+00
   1.1096841e+01   1.3692328e+00
   1.1102502e+01   1.3610498e+00
   1.1108162e+01   1.3503283e+00
   1.1113822e+01   1.3488237e+00
   1.1119483e+01   1.3474043e+00
   1.1125143e+01   1.3434341e+00
   1.1130803e+01   1.3436391e+00
   1.1136463e+01   1.3520457e+00
   1.1142124e+01   1.3581280e+00
   1.1147784e+01   1.3674296e+00
   1.1153444e+01   1.3750034e+00
   1.1159105e+01   1.3867900e+00
   1.1164765e+01   1.3993234e+00
   1.1170425e+01   1.4209658e+00
   1.1176085e+01   1.4513353e+00
   1.1181746e+01   1.4927898e+00
   1.1187406e+01   1.5470921e+00
   1.1193066e+01   1.6127817e+00
   1.1198727e+01   1.6920696e+00
   1.1204387e+01   1.7796604e+00
   1.1210047e+01   1.8634452e+00
   1.1215707e+01   1.9474481e+00
   1.1221368e+01   2.0318331e+00
   1.1227028e+01   2.1116152e+00
   1.1232688e+01   2.1853356e+00
   1.1238349e+01   2.2512609e+00
   1.1244009e+01   2.3203243e+00
   1.1249669e+01   2.3947167e+00
   1.1255329e+01   2.4618900e+00
   1.1260990e+01   2.5041100e+00
   1.1266650e+01   2.5156843e+00
   1.1272310e+01   2.5038111e+00
   1.1277971e+01   2.4580028e+00
   1.1283631e+01   2.3888951e+00
   1.1289291e+01   2.3093701e+00
   1.1294951e+01   2.2276706e+00
   1.1300612e+01   2.1337919e+00
   1.1306272e+01   2.0309891e+00
   1.1311932e+01   1.9238756e+00
   1.1317593e+01   1.8276773e+00
   1.1323253e+01   1.7412108e+00
   1.1328913e+01   1.6695489e+00
   1.1334573e+01   1.6162325e+00
   1.1340234e+01   1.5793557e+00
   1.1345894e+01   1.5559516e+00
   1.1351554e+01   1.5460334e+00
   1.1357215e+01   1.5509553e+00
   1.1362875e+01   1.5688714e+00
   1.1368535e+01   1.5974046e+00
   1.1374195e+01   1.6278987e+00
   1.1379856e+01   1.6595232e+00
   1.1385516e+01   1.6932603e+00
   1.1391176e+01   1.7212793e+00
   1.1396837e+01   1.7510745e+00
   1.1402497e+01   1.7825983e+00
   1.1408157e+01   1.8071828e+00
   1.1413817e+01   1.8311921e+00
   1.1419478e+01   1.8522009e+00
   1.1425138e+01   1.8659481e+00
   1.1430798e+01   1.8691841e+00
   1.1436458e+01   1.8592006e+00
   1.1442119e+01   1.8413746e+00
   1.1447779e+01   1.8090021e+00
   1.1453439e+01   1.7723128e+00
   1.1459100e+01   1.7336972e+00
   1.1464760e+01   1.6992112e+00
   1.1470420e+01   1.6622684e+00
   1.1476080e+01   1.6297886e+00
   1.1481741e+01   1.6053641e+00
   1.1487401e+01   1.5862712e+00
   1.1493061e+01   1.5796205e+00
   1.1498722e+01   1.5769895e+00
   1.1504382e+01   1.5785456e+00
   1.1510042e+01   1.5952773e+00
   1.1515702e+01   1.6082902e+00
   1.1521363e+01   1.6032758e+00
   1.1527023e+01   1.6022907e+00
   1.1532683e+01   1.6136989e+00
   1.1538344e+01   1.6278867e+00
   1.1544004e+01   1.6468107e+00
   1.1549664e+01   1.6530252e+00
   1.1555324e+01   1.6514244e+00
   1.1560985e+01   1.6553160e+00
   1.1566645e+01   1.6565010e+00
   1.1572305e+01   1.6688513e+00
   1.1577966e+01   1.6777559e+00
   1.1583626e+01   1.6747005e+00
   1.1589286e+01   1.6721687e+00
   1.1594946e+01   1.6837695e+00
   1.1600607e+01   1.6960221e+00
   1.1606267e+01   1.6960898e+00
   1.1611927e+01   1.6973245e+00
   1.1617588e+01   1.7106840e+00
   1.1623248e+01   1.7313405e+00
   1.1628908e+01   1.7422248e+00
   1.1634568e+01   1.7506986e+00
   1.1640229e+01   1.7648865e+00
   1.1645889e+01   1.7848231e+00
   1.1651549e+01   1.8122218e+00
   1.1657210e+01   1.8318030e+00
   1.1662870e+01   1.8472453e+00
   1.1668530e+01   1.8783774e+00
   1.1674190e+01   1.9227629e+00
   1.1679851e+01   1.9694352e+00
   1.1685511e+01   2.0252897e+00
   1.1691171e+01   2.0863859e+00
   1.1696832e+01   2.1673043e+00
   1.1702492e+01   2.2373047e+00
   1.1708152e+01   2.2964989e+00
   1.1713812e+01   2.3506093e+00
   1.1719473e+01   2.4009702e+00
   1.1725133e+01   2.4446971e+00
   1.1730793e+01   2.4827237e+00
   1.1736454e+01   2.5021964e+00
   1.1742114e+01   2.5210287e+00
   1.1747774e+01   2.5187717e+00
   1.1753434e+01   2.5230350e+00
   1.1759095e+01   2.5373065e+00
   1.1764755e+01   2.5443715e+00
   1.1770415e+01   2.5545930e+00
   1.1776076e+01   2.5633426e+00
   1.1781736e+01   2.5704999e+00
   1.1787396e+01   2.5890405e+00
   1.1793056e+01   2.6587594e+00
   1.1798717e+01   2.7056661e+00
   1.1804377e+01   2.6594040e+00
   1.1810037e+01   2.5996095e+00
   1.1815698e+01   2.5807067e+00
   1.1821358e+01   2.5568535e+00
   1.1827018e+01   2.5307066e+00
   1.1832678e+01   2.5051051e+00
   1.1838339e+01   2.4854387e+00
   1.1843999e+01   2.4700317e+00
   1.1849659e+01   2.4552596e+00
   1.1855320e+01   2.4701158e+00
   1.1860980e+01   2.4879371e+00
   1.1866640e+01   2.5026494e+00
   1.1872300e+01   2.5273061e+00
   1.1877961e+01   2.5580265e+00
   1.1883621e+01   2.6022086e+00
   1.1889281e+01   2.6476271e+00
   1.1894942e+01   2.6866670e+00
   1.1900602e+01   2.7241446e+00
   1.1906262e+01   2.7658462e+00
   1.1911922e+01   2.8295088e+00
   1.1917583e+01   2.8703621e+00
   1.1923243e+01   2.9220480e+00
   1.1928903e+01   2.9929044e+00
   1.1934564e+01   3.0778652e+00
   1.1940224e+01   3.1579683e+00
   1.1945884e+01   3.2412517e+00
   1.1951544e+01   3.3416814e+00
   1.1957205e+01   3.4945996e+00
   1.1962865e+01   3.6653090e+00
   1.1968525e+01   3.8684166e+00
   1.1974186e+01   4.0823854e+00
   1.1979846e+01   4.3763867e+00
   1.1985506e+01   4.7565661e+00
   1.1991166e+01   5.1887117e+00
   1.1996827e+01   5.7940035e+00
   1.2002487e+01   6.8014548e+00
   1.2008147e+01   8.9825815e+00
   1.2013808e+01   1.5088047e+01
