   4.2720509e-01   4.4497539e+00
   4.3286538e-01   1.7946491e+00
   4.3852566e-01   1.1984292e+00
   4.4418594e-01   9.9081072e-01
   4.4984623e-01   8.9315919e-01
   4.5550651e-01   8.1505526e-01
   4.6116680e-01   7.7528564e-01
   4.6682708e-01   7.5167975e-01
   4.7248737e-01   7.5093586e-01
   4.7814765e-01   7.5597328e-01
   4.8380794e-01   7.5366733e-01
   4.8946822e-01   7.7882644e-01
   4.9512850e-01   7.9348077e-01
   5.0078879e-01   8.2439332e-01
   5.0644907e-01   8.5245072e-01
   5.1210936e-01   8.7444709e-01
   5.1776964e-01   9.0657296e-01
   5.2342993e-01   9.2714790e-01
   5.2909021e-01   9.6133197e-01
   5.3475050e-01   9.8037053e-01
   5.4041078e-01   9.9852261e-01
   5.4607107e-01   1.0108268e+00
   5.5173135e-01   1.0157917e+00
   5.5739163e-01   1.0292763e+00
   5.6305192e-01   1.0268094e+00
   5.6871220e-01   1.0391580e+00
   5.7437249e-01   1.0375882e+00
   5.8003277e-01   1.0403118e+00
   5.8569306e-01   1.0455653e+00
   5.9135334e-01   1.0432000e+00
   5.9701363e-01   1.0527037e+00
   6.0267391e-01   1.0474616e+00
   6.0833420e-01   1.0613139e+00
   6.1399448e-01   1.0586254e+00
   6.1965476e-01   1.0614869e+00
   6.2531505e-01   1.0710998e+00
   6.3097533e-01   1.0678152e+00
   6.3663562e-01   1.0777181e+00
   6.4229590e-01   1.0729203e+00
   6.4795619e-01   1.0824773e+00
   6.5361647e-01   1.0793203e+00
   6.5927676e-01   1.0791398e+00
   6.6493704e-01   1.0804748e+00
   6.7059733e-01   1.0726153e+00
   6.7625761e-01   1.0807911e+00
   6.8191789e-01   1.0770818e+00
   6.8757818e-01   1.0884460e+00
   6.9323846e-01   1.0866024e+00
   6.9889875e-01   1.0862774e+00
   7.0455903e-01   1.0863910e+00
   7.1021932e-01   1.0818197e+00
   7.1587960e-01   1.0899296e+00
   7.2153989e-01   1.0850860e+00
   7.2720017e-01   1.0916606e+00
   7.3286046e-01   1.0885857e+00
   7.3852074e-01   1.0901133e+00
   7.4418102e-01   1.0969017e+00
   7.4984131e-01   1.0944973e+00
   7.5550159e-01   1.1009433e+00
   7.6116188e-01   1.0964351e+00
   7.6682216e-01   1.1014354e+00
   7.7248245e-01   1.1040073e+00
   7.7814273e-01   1.1068860e+00
   7.8380302e-01   1.1139657e+00
   7.8946330e-01   1.1089514e+00
   7.9512358e-01   1.1148142e+00
   8.0078387e-01   1.1178898e+00
   8.0644415e-01   1.1290370e+00
   8.1210444e-01   1.1266794e+00
   8.1776472e-01   1.1259105e+00
   8.2342501e-01   1.1293903e+00
   8.2908529e-01   1.1286976e+00
   8.3474558e-01   1.1423557e+00
   8.4040586e-01   1.1392562e+00
   8.4606615e-01   1.1453755e+00
   8.5172643e-01   1.1458251e+00
   8.5738671e-01   1.1486336e+00
   8.6304700e-01   1.1558846e+00
   8.6870728e-01   1.1544764e+00
   8.7436757e-01   1.1643969e+00
   8.8002785e-01   1.1627752e+00
   8.8568814e-01   1.1691026e+00
   8.9134842e-01   1.1708918e+00
   8.9700871e-01   1.1739379e+00
   9.0266899e-01   1.1803847e+00
   9.0832928e-01   1.1789489e+00
   9.1398956e-01   1.1897996e+00
   9.1964984e-01   1.1911188e+00
   9.2531013e-01   1.1998702e+00
   9.3097041e-01   1.2041440e+00
   9.3663070e-01   1.2074780e+00
   9.4229098e-01   1.2176904e+00
   9.4795127e-01   1.2184091e+00
   9.5361155e-01   1.2288537e+00
   9.5927184e-01   1.2285462e+00
   9.6493212e-01   1.2342216e+00
   9.7059241e-01   1.2455453e+00
   9.7625269e-01   1.2448130e+00
   9.8191297e-01   1.2515038e+00
   9.8757326e-01   1.2505018e+00
   9.9323354e-01   1.2576480e+00
   9.9889383e-01   1.2599617e+00
   1.0045541e+00   1.2615768e+00
   1.0102144e+00   1.2695101e+00
   1.0158747e+00   1.2708558e+00
   1.0215350e+00   1.2777603e+00
   1.0271953e+00   1.2759684e+00
   1.0328555e+00   1.2845518e+00
   1.0385158e+00   1.2895098e+00
   1.0441761e+00   1.2952406e+00
   1.0498364e+00   1.3061373e+00
   1.0554967e+00   1.3089752e+00
   1.0611570e+00   1.3183394e+00
   1.0668172e+00   1.3237221e+00
   1.0724775e+00   1.3343857e+00
   1.0781378e+00   1.3373200e+00
   1.0837981e+00   1.3427722e+00
   1.0894584e+00   1.3563522e+00
   1.0951187e+00   1.3617934e+00
   1.1007789e+00   1.3729475e+00
   1.1064392e+00   1.3786304e+00
   1.1120995e+00   1.3897520e+00
   1.1177598e+00   1.3973782e+00
   1.1234201e+00   1.4071671e+00
   1.1290804e+00   1.4234456e+00
   1.1347407e+00   1.4308909e+00
   1.1404009e+00   1.4422172e+00
   1.1460612e+00   1.4516115e+00
   1.1517215e+00   1.4619811e+00
   1.1573818e+00   1.4715117e+00
   1.1630421e+00   1.4779744e+00
   1.1687024e+00   1.4913215e+00
   1.1743626e+00   1.4932625e+00
   1.1800229e+00   1.5082112e+00
   1.1856832e+00   1.5192787e+00
   1.1913435e+00   1.5288948e+00
   1.1970038e+00   1.5408305e+00
   1.2026641e+00   1.5476133e+00
   1.2083244e+00   1.5653323e+00
   1.2139846e+00   1.5744440e+00
   1.2196449e+00   1.5875499e+00
   1.2253052e+00   1.5984728e+00
   1.2309655e+00   1.6102880e+00
   1.2366258e+00   1.6298934e+00
   1.2422861e+00   1.6400840e+00
   1.2479463e+00   1.6562472e+00
   1.2536066e+00   1.6640782e+00
   1.2592669e+00   1.6812111e+00
   1.2649272e+00   1.6950013e+00
   1.2705875e+00   1.7019665e+00
   1.2762478e+00   1.7149079e+00
   1.2819081e+00   1.7201257e+00
   1.2875683e+00   1.7332758e+00
   1.2932286e+00   1.7431755e+00
   1.2988889e+00   1.7589328e+00
   1.3045492e+00   1.7674346e+00
   1.3102095e+00   1.7721108e+00
   1.3158698e+00   1.7855710e+00
   1.3215300e+00   1.7943638e+00
   1.3271903e+00   1.8087851e+00
   1.3328506e+00   1.8179111e+00
   1.3385109e+00   1.8320899e+00
   1.3441712e+00   1.8471562e+00
   1.3498315e+00   1.8583921e+00
   1.3554918e+00   1.8784920e+00
   1.3611520e+00   1.9018018e+00
   1.3668123e+00   1.9292292e+00
   1.3724726e+00   1.9572275e+00
   1.3781329e+00   1.9927550e+00
   1.3837932e+00   2.0383882e+00
   1.3894535e+00   2.0969413e+00
   1.3951137e+00   2.1820671e+00
   1.4007740e+00   2.2958046e+00
   1.4064343e+00   2.4828112e+00
   1.4120946e+00   2.8356678e+00
   1.4177549e+00   3.7593651e+00
   1.4234152e+00   8.9357793e+00
   1.4290755e+00   2.8486599e+01
   1.4347357e+00   6.1949546e+01
   1.4403960e+00   7.5468864e+01
   1.4460563e+00   5.1453764e+01
   1.4517166e+00   2.0702129e+01
   1.4573769e+00   7.8370975e+00
   1.4630372e+00   5.4812035e+00
   1.4686974e+00   4.6755430e+00
   1.4743577e+00   3.3339081e+00
   1.4800180e+00   2.4652839e+00
   1.4856783e+00   2.2671510e+00
   1.4913386e+00   2.1853247e+00
   1.4969989e+00   2.1317533e+00
   1.5026592e+00   2.0906382e+00
   1.5083194e+00   2.0530510e+00
   1.5139797e+00   2.0226518e+00
   1.5196400e+00   1.9941501e+00
   1.5253003e+00   1.9789945e+00
   1.5309606e+00   1.9695866e+00
   1.5366209e+00   2.0089540e+00
   1.5422811e+00   2.0264593e+00
   1.5479414e+00   1.9766863e+00
   1.5536017e+00   1.9420379e+00
   1.5592620e+00   1.9334731e+00
   1.5649223e+00   1.9317078e+00
   1.5705826e+00   1.9302555e+00
   1.5762428e+00   1.9295570e+00
   1.5819031e+00   1.9319835e+00
   1.5875634e+00   1.9346168e+00
   1.5932237e+00   1.9382991e+00
   1.5988840e+00   1.9402609e+00
   1.6045443e+00   1.9444744e+00
   1.6102046e+00   1.9458875e+00
   1.6158648e+00   1.9515858e+00
   1.6215251e+00   1.9650751e+00
   1.6271854e+00   1.9800432e+00
   1.6328457e+00   2.0094609e+00
   1.6385060e+00   2.0548742e+00
   1.6441663e+00   2.1315319e+00
   1.6498265e+00   2.2733352e+00
   1.6554868e+00   2.4961214e+00
   1.6611471e+00   2.7928421e+00
   1.6668074e+00   3.0174667e+00
   1.6724677e+00   3.0148012e+00
   1.6781280e+00   2.7610832e+00
   1.6837883e+00   2.4516974e+00
   1.6894485e+00   2.2040053e+00
   1.6951088e+00   2.0678787e+00
   1.7007691e+00   1.9977098e+00
   1.7064294e+00   1.9615888e+00
   1.7120897e+00   1.9460888e+00
   1.7177500e+00   1.9402854e+00
   1.7234102e+00   1.9425643e+00
   1.7290705e+00   1.9455415e+00
   1.7347308e+00   1.9334219e+00
   1.7403911e+00   1.9151933e+00
   1.7460514e+00   1.8938187e+00
   1.7517117e+00   1.8809599e+00
   1.7573720e+00   1.8675898e+00
   1.7630322e+00   1.8603567e+00
   1.7686925e+00   1.8545835e+00
   1.7743528e+00   1.8478354e+00
   1.7800131e+00   1.8494808e+00
   1.7856734e+00   1.8522779e+00
   1.7913337e+00   1.8579982e+00
   1.7969939e+00   1.8533591e+00
   1.8026542e+00   1.8457652e+00
   1.8083145e+00   1.8410873e+00
   1.8139748e+00   1.8384125e+00
   1.8196351e+00   1.8467871e+00
   1.8252954e+00   1.8628066e+00
   1.8309557e+00   1.8845480e+00
   1.8366159e+00   1.9144832e+00
   1.8422762e+00   1.9564526e+00
   1.8479365e+00   2.0075533e+00
   1.8535968e+00   2.0301332e+00
   1.8592571e+00   2.0134079e+00
   1.8649174e+00   1.9602184e+00
   1.8705776e+00   1.8967051e+00
   1.8762379e+00   1.8373282e+00
   1.8818982e+00   1.7941157e+00
   1.8875585e+00   1.7666803e+00
   1.8932188e+00   1.7492343e+00
   1.8988791e+00   1.7386860e+00
   1.9045394e+00   1.7333818e+00
   1.9101996e+00   1.7341468e+00
   1.9158599e+00   1.7383217e+00
   1.9215202e+00   1.7523602e+00
   1.9271805e+00   1.7836271e+00
   1.9328408e+00   1.8592280e+00
   1.9385011e+00   2.0909714e+00
   1.9441613e+00   2.6758060e+00
   1.9498216e+00   3.4621735e+00
   1.9554819e+00   3.6778781e+00
   1.9611422e+00   3.3186948e+00
   1.9668025e+00   3.1210703e+00
   1.9724628e+00   3.3330712e+00
   1.9781231e+00   3.8894215e+00
   1.9837833e+00   4.4099583e+00
   1.9894436e+00   4.7419041e+00
   1.9951039e+00   4.9577417e+00
   2.0007642e+00   5.1250304e+00
   2.0064245e+00   6.1578750e+00
   2.0120848e+00   9.7751212e+00
   2.0177450e+00   1.6877013e+01
   2.0234053e+00   2.1934873e+01
   2.0290656e+00   1.7991053e+01
   2.0347259e+00   9.2351106e+00
   2.0403862e+00   3.8638689e+00
   2.0460465e+00   2.2993301e+00
   2.0517067e+00   1.8805492e+00
   2.0573670e+00   1.7201623e+00
   2.0630273e+00   1.6316232e+00
   2.0686876e+00   1.5726601e+00
   2.0743479e+00   1.5309631e+00
   2.0800082e+00   1.4982698e+00
   2.0856685e+00   1.4731001e+00
   2.0913287e+00   1.4514852e+00
   2.0969890e+00   1.4350544e+00
   2.1026493e+00   1.4193501e+00
   2.1083096e+00   1.4048929e+00
   2.1139699e+00   1.3928538e+00
   2.1196302e+00   1.3792261e+00
   2.1252904e+00   1.3705628e+00
   2.1309507e+00   1.3607827e+00
   2.1366110e+00   1.3527231e+00
   2.1422713e+00   1.3452095e+00
   2.1479316e+00   1.3374465e+00
   2.1535919e+00   1.3315451e+00
   2.1592522e+00   1.3236485e+00
   2.1649124e+00   1.3198020e+00
   2.1705727e+00   1.3137605e+00
   2.1762330e+00   1.3088543e+00
   2.1818933e+00   1.3249744e+00
   2.1875536e+00   1.3576824e+00
   2.1932139e+00   1.3461072e+00
   2.1988741e+00   1.3050884e+00
   2.2045344e+00   1.2934277e+00
   2.2101947e+00   1.2811317e+00
   2.2158550e+00   1.2718458e+00
   2.2215153e+00   1.2671208e+00
   2.2271756e+00   1.2664090e+00
   2.2328359e+00   1.2654502e+00
   2.2384961e+00   1.2601709e+00
   2.2441564e+00   1.2593300e+00
   2.2498167e+00   1.2614670e+00
   2.2554770e+00   1.2644954e+00
   2.2611373e+00   1.2686851e+00
   2.2667976e+00   1.2619421e+00
   2.2724578e+00   1.2553983e+00
   2.2781181e+00   1.2532993e+00
   2.2837784e+00   1.2497919e+00
   2.2894387e+00   1.2475320e+00
   2.2950990e+00   1.2471575e+00
   2.3007593e+00   1.2492674e+00
   2.3064196e+00   1.2500459e+00
   2.3120798e+00   1.2530527e+00
   2.3177401e+00   1.2547515e+00
   2.3234004e+00   1.2543393e+00
   2.3290607e+00   1.2520130e+00
   2.3347210e+00   1.2479025e+00
   2.3403813e+00   1.2495319e+00
   2.3460415e+00   1.2525158e+00
   2.3517018e+00   1.2506092e+00
   2.3573621e+00   1.2605988e+00
   2.3630224e+00   1.2622394e+00
   2.3686827e+00   1.2454867e+00
   2.3743430e+00   1.2327777e+00
   2.3800033e+00   1.2243911e+00
   2.3856635e+00   1.2187226e+00
   2.3913238e+00   1.2160749e+00
   2.3969841e+00   1.2160867e+00
   2.4026444e+00   1.2163296e+00
   2.4083047e+00   1.2152911e+00
   2.4139650e+00   1.2146590e+00
   2.4196252e+00   1.2150165e+00
   2.4252855e+00   1.2141703e+00
   2.4309458e+00   1.2162451e+00
   2.4366061e+00   1.2172957e+00
   2.4422664e+00   1.2188856e+00
   2.4479267e+00   1.2209396e+00
   2.4535870e+00   1.2225841e+00
   2.4592472e+00   1.2251818e+00
   2.4649075e+00   1.2313805e+00
   2.4705678e+00   1.2352377e+00
   2.4762281e+00   1.2342245e+00
   2.4818884e+00   1.2383209e+00
   2.4875487e+00   1.2451930e+00
   2.4932089e+00   1.2488843e+00
   2.4988692e+00   1.2486812e+00
   2.5045295e+00   1.2478898e+00
   2.5101898e+00   1.2429935e+00
   2.5158501e+00   1.2400132e+00
   2.5215104e+00   1.2374967e+00
   2.5271706e+00   1.2364626e+00
   2.5328309e+00   1.2369335e+00
   2.5384912e+00   1.2390440e+00
   2.5441515e+00   1.2368449e+00
   2.5498118e+00   1.2381908e+00
   2.5554721e+00   1.2381098e+00
   2.5611324e+00   1.2394377e+00
   2.5667926e+00   1.2430253e+00
   2.5724529e+00   1.2428326e+00
   2.5781132e+00   1.2456290e+00
   2.5837735e+00   1.2473951e+00
   2.5894338e+00   1.2501516e+00
   2.5950941e+00   1.2541510e+00
   2.6007543e+00   1.2565754e+00
   2.6064146e+00   1.2602851e+00
   2.6120749e+00   1.2633248e+00
   2.6177352e+00   1.2659297e+00
   2.6233955e+00   1.2674748e+00
   2.6290558e+00   1.2710039e+00
   2.6347161e+00   1.2743618e+00
   2.6403763e+00   1.2763754e+00
   2.6460366e+00   1.2800915e+00
   2.6516969e+00   1.2835685e+00
   2.6573572e+00   1.2888753e+00
   2.6630175e+00   1.2935901e+00
   2.6686778e+00   1.2976707e+00
   2.6743380e+00   1.3023119e+00
   2.6799983e+00   1.3054601e+00
   2.6856586e+00   1.3116041e+00
   2.6913189e+00   1.3178426e+00
   2.6969792e+00   1.3261713e+00
   2.7026395e+00   1.3362254e+00
   2.7082998e+00   1.3481363e+00
   2.7139600e+00   1.3642705e+00
   2.7196203e+00   1.3855727e+00
   2.7252806e+00   1.4143951e+00
   2.7309409e+00   1.4550482e+00
   2.7366012e+00   1.5209829e+00
   2.7422615e+00   1.6473280e+00
   2.7479217e+00   1.9039520e+00
   2.7535820e+00   2.3660127e+00
   2.7592423e+00   2.9432198e+00
   2.7649026e+00   3.4322563e+00
   2.7705629e+00   3.6024416e+00
   2.7762232e+00   3.3866828e+00
   2.7818835e+00   3.0263272e+00
   2.7875437e+00   2.9745572e+00
   2.7932040e+00   4.1504901e+00
   2.7988643e+00   7.8557526e+00
   2.8045246e+00   1.3749315e+01
   2.8101849e+00   1.9252565e+01
   2.8158452e+00   2.2334127e+01
   2.8215054e+00   1.7915184e+01
   2.8271657e+00   1.1677666e+01
   2.8328260e+00   6.3847478e+00
   2.8384863e+00   3.2598933e+00
   2.8441466e+00   2.2378814e+00
   2.8498069e+00   2.0882727e+00
   2.8554672e+00   2.1379102e+00
   2.8611274e+00   2.4168175e+00
   2.8667877e+00   3.0341553e+00
   2.8724480e+00   3.7729081e+00
   2.8781083e+00   4.3582174e+00
   2.8837686e+00   4.2989590e+00
   2.8894289e+00   3.6057918e+00
   2.8950891e+00   2.8129010e+00
   2.9007494e+00   2.2289847e+00
   2.9064097e+00   2.0372633e+00
   2.9120700e+00   2.3987065e+00
   2.9177303e+00   3.9945612e+00
   2.9233906e+00   7.2616691e+00
   2.9290509e+00   1.2157080e+01
   2.9347111e+00   1.6690437e+01
   2.9403714e+00   1.7152934e+01
   2.9460317e+00   1.2796691e+01
   2.9516920e+00   7.0706056e+00
   2.9573523e+00   3.1901830e+00
   2.9630126e+00   1.9112969e+00
   2.9686728e+00   1.6858978e+00
   2.9743331e+00   1.6402392e+00
   2.9799934e+00   1.6137484e+00
   2.9856537e+00   1.5854121e+00
   2.9913140e+00   1.5517286e+00
   2.9969743e+00   1.5233261e+00
   3.0026345e+00   1.5061981e+00
   3.0082948e+00   1.5005495e+00
   3.0139551e+00   1.5044177e+00
   3.0196154e+00   1.5130247e+00
   3.0252757e+00   1.5235487e+00
   3.0309360e+00   1.5308022e+00
   3.0365963e+00   1.5307340e+00
   3.0422565e+00   1.5252621e+00
   3.0479168e+00   1.5166636e+00
   3.0535771e+00   1.5062968e+00
   3.0592374e+00   1.5003123e+00
   3.0648977e+00   1.4976585e+00
   3.0705580e+00   1.4998012e+00
   3.0762182e+00   1.5063946e+00
   3.0818785e+00   1.5140579e+00
   3.0875388e+00   1.5235282e+00
   3.0931991e+00   1.5314404e+00
   3.0988594e+00   1.5405807e+00
   3.1045197e+00   1.5491698e+00
   3.1101800e+00   1.5557592e+00
   3.1158402e+00   1.5586113e+00
   3.1215005e+00   1.5598753e+00
   3.1271608e+00   1.5641032e+00
   3.1328211e+00   1.5700549e+00
   3.1384814e+00   1.5766216e+00
   3.1441417e+00   1.5845817e+00
   3.1498019e+00   1.5963975e+00
   3.1554622e+00   1.6118277e+00
   3.1611225e+00   1.6303182e+00
   3.1667828e+00   1.6495741e+00
   3.1724431e+00   1.6688448e+00
   3.1781034e+00   1.6887829e+00
   3.1837637e+00   1.7092630e+00
   3.1894239e+00   1.7327008e+00
   3.1950842e+00   1.7745432e+00
   3.2007445e+00   1.8701668e+00
   3.2064048e+00   2.0507281e+00
   3.2120651e+00   2.2667835e+00
   3.2177254e+00   2.4174361e+00
   3.2233856e+00   2.4831340e+00
   3.2290459e+00   2.5189082e+00
   3.2347062e+00   2.4942993e+00
   3.2403665e+00   2.3705605e+00
   3.2460268e+00   2.2750225e+00
   3.2516871e+00   2.3155704e+00
   3.2573474e+00   2.5080748e+00
   3.2630076e+00   3.3700977e+00
   3.2686679e+00   6.7626355e+00
   3.2743282e+00   1.4354146e+01
   3.2799885e+00   2.5804997e+01
   3.2856488e+00   3.9109329e+01
   3.2913091e+00   4.6864946e+01
   3.2969693e+00   3.9299869e+01
   3.3026296e+00   2.5261886e+01
   3.3082899e+00   1.3704556e+01
   3.3139502e+00   6.7416449e+00
   3.3196105e+00   4.5728260e+00
   3.3252708e+00   4.6977325e+00
   3.3309311e+00   5.3455714e+00
   3.3365913e+00   6.1289931e+00
   3.3422516e+00   7.2872529e+00
   3.3479119e+00   9.9742260e+00
   3.3535722e+00   1.7066109e+01
   3.3592325e+00   3.3545543e+01
   3.3648928e+00   6.1407358e+01
   3.3705530e+00   9.9582007e+01
   3.3762133e+00   1.3450643e+02
   3.3818736e+00   1.8324132e+02
   3.3875339e+00   2.5000000e+02
   3.3931942e+00   2.3245436e+02
   3.3988545e+00   1.4429786e+02
   3.4045148e+00   9.5274202e+01
   3.4101750e+00   5.8814734e+01
   3.4158353e+00   2.8453486e+01
   3.4214956e+00   1.1701611e+01
   3.4271559e+00   6.4473864e+00
   3.4328162e+00   4.7115305e+00
   3.4384765e+00   3.8933586e+00
   3.4441367e+00   3.3049792e+00
   3.4497970e+00   2.8755069e+00
   3.4554573e+00   2.6355484e+00
   3.4611176e+00   2.4869378e+00
   3.4667779e+00   2.3799683e+00
   3.4724382e+00   2.2936618e+00
   3.4780985e+00   2.2135739e+00
   3.4837587e+00   2.1423330e+00
   3.4894190e+00   2.0788081e+00
   3.4950793e+00   2.0199488e+00
   3.5007396e+00   1.9668969e+00
   3.5063999e+00   1.9230226e+00
   3.5120602e+00   1.8838299e+00
   3.5177204e+00   1.8498558e+00
   3.5233807e+00   1.8206157e+00
   3.5290410e+00   1.7972108e+00
   3.5347013e+00   1.7763738e+00
   3.5403616e+00   1.7591565e+00
   3.5460219e+00   1.7443997e+00
   3.5516821e+00   1.7296322e+00
   3.5573424e+00   1.7226029e+00
   3.5630027e+00   1.7211630e+00
   3.5686630e+00   1.7095462e+00
   3.5743233e+00   1.6777150e+00
   3.5799836e+00   1.6569021e+00
   3.5856439e+00   1.6448856e+00
   3.5913041e+00   1.6355192e+00
   3.5969644e+00   1.6295094e+00
   3.6026247e+00   1.6287921e+00
   3.6082850e+00   1.6369898e+00
   3.6139453e+00   1.6660482e+00
   3.6196056e+00   1.7302042e+00
   3.6252658e+00   1.8291997e+00
   3.6309261e+00   1.9433756e+00
   3.6365864e+00   2.0877973e+00
   3.6422467e+00   2.4070726e+00
   3.6479070e+00   3.2055941e+00
   3.6535673e+00   4.5389813e+00
   3.6592276e+00   5.8986823e+00
   3.6648878e+00   7.1479565e+00
   3.6705481e+00   7.6387125e+00
   3.6762084e+00   6.2873233e+00
   3.6818687e+00   4.7639385e+00
   3.6875290e+00   3.3595670e+00
   3.6931893e+00   2.3075864e+00
   3.6988495e+00   1.8180139e+00
   3.7045098e+00   1.6637432e+00
   3.7101701e+00   1.6220077e+00
   3.7158304e+00   1.6169865e+00
   3.7214907e+00   1.6194490e+00
   3.7271510e+00   1.6170636e+00
   3.7328113e+00   1.6133656e+00
   3.7384715e+00   1.6097688e+00
   3.7441318e+00   1.6069652e+00
   3.7497921e+00   1.6129544e+00
   3.7554524e+00   1.6434915e+00
   3.7611127e+00   1.7160796e+00
   3.7667730e+00   1.9436421e+00
   3.7724332e+00   2.8908294e+00
   3.7780935e+00   5.4750796e+00
   3.7837538e+00   9.5472998e+00
   3.7894141e+00   1.4349694e+01
   3.7950744e+00   1.9961195e+01
   3.8007347e+00   2.3162909e+01
   3.8063950e+00   1.9382388e+01
   3.8120552e+00   1.3406130e+01
   3.8177155e+00   8.3042739e+00
   3.8233758e+00   4.4654548e+00
   3.8290361e+00   2.3875251e+00
   3.8346964e+00   1.7831897e+00
   3.8403567e+00   1.6384735e+00
   3.8460169e+00   1.5838930e+00
   3.8516772e+00   1.5593146e+00
   3.8573375e+00   1.5510382e+00
   3.8629978e+00   1.5560647e+00
   3.8686581e+00   1.5687157e+00
   3.8743184e+00   1.5840499e+00
   3.8799787e+00   1.6021441e+00
   3.8856389e+00   1.6160792e+00
   3.8912992e+00   1.6255860e+00
   3.8969595e+00   1.6262121e+00
   3.9026198e+00   1.6181156e+00
   3.9082801e+00   1.6011510e+00
   3.9139404e+00   1.5723140e+00
   3.9196006e+00   1.5372626e+00
   3.9252609e+00   1.5003411e+00
   3.9309212e+00   1.4653259e+00
   3.9365815e+00   1.4334394e+00
   3.9422418e+00   1.4090990e+00
   3.9479021e+00   1.3946241e+00
   3.9535624e+00   1.3884379e+00
   3.9592226e+00   1.3879788e+00
   3.9648829e+00   1.3896263e+00
   3.9705432e+00   1.3907911e+00
   3.9762035e+00   1.3894159e+00
   3.9818638e+00   1.3872683e+00
   3.9875241e+00   1.3866029e+00
   3.9931843e+00   1.3832324e+00
   3.9988446e+00   1.3760097e+00
   4.0045049e+00   1.3695197e+00
   4.0101652e+00   1.3698285e+00
   4.0158255e+00   1.3805879e+00
   4.0214858e+00   1.4110152e+00
   4.0271460e+00   1.4675832e+00
   4.0328063e+00   1.5550932e+00
   4.0384666e+00   1.6729553e+00
   4.0441269e+00   1.8143967e+00
   4.0497872e+00   1.8986706e+00
   4.0554475e+00   1.8329455e+00
   4.0611078e+00   1.6545748e+00
   4.0667680e+00   1.4942516e+00
   4.0724283e+00   1.3795349e+00
   4.0780886e+00   1.3118920e+00
   4.0837489e+00   1.2750702e+00
   4.0894092e+00   1.2558735e+00
   4.0950695e+00   1.2465891e+00
   4.1007297e+00   1.2395420e+00
   4.1063900e+00   1.2340809e+00
   4.1120503e+00   1.2307292e+00
   4.1177106e+00   1.2271987e+00
   4.1233709e+00   1.2249656e+00
   4.1290312e+00   1.2221134e+00
   4.1346915e+00   1.2182819e+00
   4.1403517e+00   1.2136972e+00
   4.1460120e+00   1.2110380e+00
   4.1516723e+00   1.2089672e+00
   4.1573326e+00   1.2077623e+00
   4.1629929e+00   1.2079437e+00
   4.1686532e+00   1.2089822e+00
   4.1743134e+00   1.2106434e+00
   4.1799737e+00   1.2114039e+00
   4.1856340e+00   1.2113950e+00
   4.1912943e+00   1.2116302e+00
   4.1969546e+00   1.2123979e+00
   4.2026149e+00   1.2130040e+00
   4.2082752e+00   1.2118903e+00
   4.2139354e+00   1.2115669e+00
   4.2195957e+00   1.2130089e+00
   4.2252560e+00   1.2151580e+00
   4.2309163e+00   1.2172244e+00
   4.2365766e+00   1.2196042e+00
   4.2422369e+00   1.2233235e+00
   4.2478971e+00   1.2270592e+00
   4.2535574e+00   1.2319581e+00
   4.2592177e+00   1.2390173e+00
   4.2648780e+00   1.2479758e+00
   4.2705383e+00   1.2597445e+00
   4.2761986e+00   1.2740350e+00
   4.2818589e+00   1.2964186e+00
   4.2875191e+00   1.3379973e+00
   4.2931794e+00   1.4247771e+00
   4.2988397e+00   1.5847971e+00
   4.3045000e+00   1.8058447e+00
   4.3101603e+00   2.0520466e+00
   4.3158206e+00   2.2969275e+00
   4.3214808e+00   2.5590540e+00
   4.3271411e+00   2.9386083e+00
   4.3328014e+00   3.6412741e+00
   4.3384617e+00   4.7723343e+00
   4.3441220e+00   6.0158030e+00
   4.3497823e+00   7.0975432e+00
   4.3554426e+00   8.2714292e+00
   4.3611028e+00   8.2552129e+00
   4.3667631e+00   6.6860324e+00
   4.3724234e+00   5.1771077e+00
   4.3780837e+00   3.7800833e+00
   4.3837440e+00   2.6011328e+00
   4.3894043e+00   1.8900788e+00
   4.3950645e+00   1.5908903e+00
   4.4007248e+00   1.4893409e+00
   4.4063851e+00   1.4535276e+00
   4.4120454e+00   1.4486295e+00
   4.4177057e+00   1.4594410e+00
   4.4233660e+00   1.4691956e+00
   4.4290263e+00   1.4687918e+00
   4.4346865e+00   1.4555783e+00
   4.4403468e+00   1.4333529e+00
   4.4460071e+00   1.4009270e+00
   4.4516674e+00   1.3639090e+00
   4.4573277e+00   1.3293454e+00
   4.4629880e+00   1.3035993e+00
   4.4686482e+00   1.2867593e+00
   4.4743085e+00   1.2712106e+00
   4.4799688e+00   1.2586450e+00
   4.4856291e+00   1.2493881e+00
   4.4912894e+00   1.2412578e+00
   4.4969497e+00   1.2365267e+00
   4.5026099e+00   1.2322055e+00
   4.5082702e+00   1.2297872e+00
   4.5139305e+00   1.2283693e+00
   4.5195908e+00   1.2268584e+00
   4.5252511e+00   1.2271195e+00
   4.5309114e+00   1.2280102e+00
   4.5365717e+00   1.2281518e+00
   4.5422319e+00   1.2282553e+00
   4.5478922e+00   1.2294127e+00
   4.5535525e+00   1.2314235e+00
   4.5592128e+00   1.2319408e+00
   4.5648731e+00   1.2339563e+00
   4.5705334e+00   1.2361828e+00
   4.5761936e+00   1.2381588e+00
   4.5818539e+00   1.2396627e+00
   4.5875142e+00   1.2427775e+00
   4.5931745e+00   1.2457103e+00
   4.5988348e+00   1.2481394e+00
   4.6044951e+00   1.2517762e+00
   4.6101554e+00   1.2554983e+00
   4.6158156e+00   1.2598720e+00
   4.6214759e+00   1.2628246e+00
   4.6271362e+00   1.2660205e+00
   4.6327965e+00   1.2723707e+00
   4.6384568e+00   1.2789514e+00
   4.6441171e+00   1.2880456e+00
   4.6497773e+00   1.2980239e+00
   4.6554376e+00   1.3108295e+00
   4.6610979e+00   1.3269396e+00
   4.6667582e+00   1.3475284e+00
   4.6724185e+00   1.3760153e+00
   4.6780788e+00   1.4174506e+00
   4.6837391e+00   1.4837922e+00
   4.6893993e+00   1.5973366e+00
   4.6950596e+00   1.7920549e+00
   4.7007199e+00   2.1553283e+00
   4.7063802e+00   2.8332616e+00
   4.7120405e+00   4.0236588e+00
   4.7177008e+00   5.7329643e+00
   4.7233610e+00   7.5091328e+00
   4.7290213e+00   9.1289631e+00
   4.7346816e+00   1.0841195e+01
   4.7403419e+00   1.1220004e+01
   4.7460022e+00   9.6824359e+00
   4.7516625e+00   8.2581191e+00
   4.7573228e+00   7.7192384e+00
   4.7629830e+00   7.8436933e+00
   4.7686433e+00   8.9449056e+00
   4.7743036e+00   1.0602971e+01
   4.7799639e+00   1.2302605e+01
   4.7856242e+00   1.4073420e+01
   4.7912845e+00   1.6685417e+01
   4.7969447e+00   1.9492693e+01
   4.8026050e+00   2.0782581e+01
   4.8082653e+00   1.9743949e+01
   4.8139256e+00   1.6367099e+01
   4.8195859e+00   1.2309962e+01
   4.8252462e+00   8.7148183e+00
   4.8309065e+00   5.6209346e+00
   4.8365667e+00   3.4593711e+00
   4.8422270e+00   2.3426887e+00
   4.8478873e+00   1.8477244e+00
   4.8535476e+00   1.6515206e+00
   4.8592079e+00   1.5670171e+00
   4.8648682e+00   1.5249827e+00
   4.8705284e+00   1.4904563e+00
   4.8761887e+00   1.4539727e+00
   4.8818490e+00   1.4277756e+00
   4.8875093e+00   1.4096391e+00
   4.8931696e+00   1.3904189e+00
   4.8988299e+00   1.3695794e+00
   4.9044902e+00   1.3575970e+00
   4.9101504e+00   1.3750472e+00
   4.9158107e+00   1.4252976e+00
   4.9214710e+00   1.4928921e+00
   4.9271313e+00   1.5644712e+00
   4.9327916e+00   1.6193154e+00
   4.9384519e+00   1.6509381e+00
   4.9441121e+00   1.6540012e+00
   4.9497724e+00   1.6317724e+00
   4.9554327e+00   1.5857943e+00
   4.9610930e+00   1.5319943e+00
   4.9667533e+00   1.4910252e+00
   4.9724136e+00   1.4904124e+00
   4.9780738e+00   1.5883893e+00
   4.9837341e+00   1.9001350e+00
   4.9893944e+00   2.5562872e+00
   4.9950547e+00   3.5893751e+00
   5.0007150e+00   4.7294133e+00
   5.0063753e+00   5.6240099e+00
   5.0120356e+00   6.6163267e+00
   5.0176958e+00   7.2399941e+00
   5.0233561e+00   6.6433175e+00
   5.0290164e+00   5.3024613e+00
   5.0346767e+00   4.3388892e+00
   5.0403370e+00   3.3417874e+00
   5.0459973e+00   2.4078661e+00
   5.0516575e+00   1.7515338e+00
   5.0573178e+00   1.4401784e+00
   5.0629781e+00   1.3207120e+00
   5.0686384e+00   1.2782428e+00
   5.0742987e+00   1.2629239e+00
   5.0799590e+00   1.2553441e+00
   5.0856193e+00   1.2491502e+00
   5.0912795e+00   1.2394675e+00
   5.0969398e+00   1.2283814e+00
   5.1026001e+00   1.2187139e+00
   5.1082604e+00   1.2072104e+00
   5.1139207e+00   1.1928825e+00
   5.1195810e+00   1.1758720e+00
   5.1252412e+00   1.1639736e+00
   5.1309015e+00   1.1571923e+00
   5.1365618e+00   1.1530820e+00
   5.1422221e+00   1.1506289e+00
   5.1478824e+00   1.1493365e+00
   5.1535427e+00   1.1510019e+00
   5.1592030e+00   1.1496021e+00
   5.1648632e+00   1.1481251e+00
   5.1705235e+00   1.1466608e+00
   5.1761838e+00   1.1444942e+00
   5.1818441e+00   1.1435253e+00
   5.1875044e+00   1.1419453e+00
   5.1931647e+00   1.1417544e+00
   5.1988249e+00   1.1489688e+00
   5.2044852e+00   1.1545261e+00
   5.2101455e+00   1.1434385e+00
   5.2158058e+00   1.1335317e+00
   5.2214661e+00   1.1329745e+00
   5.2271264e+00   1.1326386e+00
   5.2327867e+00   1.1324051e+00
   5.2384469e+00   1.1307474e+00
   5.2441072e+00   1.1300216e+00
   5.2497675e+00   1.1316101e+00
   5.2554278e+00   1.1327477e+00
   5.2610881e+00   1.1329286e+00
   5.2667484e+00   1.1345626e+00
   5.2724086e+00   1.1389162e+00
   5.2780689e+00   1.1426502e+00
   5.2837292e+00   1.1449875e+00
   5.2893895e+00   1.1488348e+00
   5.2950498e+00   1.1533555e+00
   5.3007101e+00   1.1608503e+00
   5.3063704e+00   1.1657232e+00
   5.3120306e+00   1.1726154e+00
   5.3176909e+00   1.1845557e+00
   5.3233512e+00   1.2046216e+00
   5.3290115e+00   1.2496678e+00
   5.3346718e+00   1.4010373e+00
   5.3403321e+00   1.8876776e+00
   5.3459923e+00   2.9406305e+00
   5.3516526e+00   4.3318691e+00
   5.3573129e+00   5.8243852e+00
   5.3629732e+00   7.4048363e+00
   5.3686335e+00   9.2118439e+00
   5.3742938e+00   1.0415409e+01
   5.3799541e+00   9.8363506e+00
   5.3856143e+00   7.9844048e+00
   5.3912746e+00   6.1651061e+00
   5.3969349e+00   4.5261257e+00
   5.4025952e+00   3.0321482e+00
   5.4082555e+00   1.9668469e+00
   5.4139158e+00   1.4586073e+00
   5.4195760e+00   1.3042932e+00
   5.4252363e+00   1.2621792e+00
   5.4308966e+00   1.2477225e+00
   5.4365569e+00   1.2455461e+00
   5.4422172e+00   1.2518259e+00
   5.4478775e+00   1.2690428e+00
   5.4535377e+00   1.2957496e+00
   5.4591980e+00   1.3269281e+00
   5.4648583e+00   1.3582409e+00
   5.4705186e+00   1.3862987e+00
   5.4761789e+00   1.4104503e+00
   5.4818392e+00   1.4270432e+00
   5.4874995e+00   1.4380286e+00
   5.4931597e+00   1.4477951e+00
   5.4988200e+00   1.4611527e+00
   5.5044803e+00   1.4934214e+00
   5.5101406e+00   1.5727304e+00
   5.5158009e+00   1.7175581e+00
   5.5214612e+00   1.9324231e+00
   5.5271214e+00   2.1723656e+00
   5.5327817e+00   2.4247560e+00
   5.5384420e+00   2.6885907e+00
   5.5441023e+00   2.9906024e+00
   5.5497626e+00   3.3248665e+00
   5.5554229e+00   3.6299633e+00
   5.5610832e+00   3.8151094e+00
   5.5667434e+00   3.8423712e+00
   5.5724037e+00   3.8249888e+00
   5.5780640e+00   3.8848077e+00
   5.5837243e+00   4.0261891e+00
   5.5893846e+00   4.1429376e+00
   5.5950449e+00   4.1410513e+00
   5.6007051e+00   4.0729989e+00
   5.6063654e+00   4.0473192e+00
   5.6120257e+00   4.0518928e+00
   5.6176860e+00   4.0378795e+00
   5.6233463e+00   3.9602027e+00
   5.6290066e+00   3.8039243e+00
   5.6346669e+00   3.5118145e+00
   5.6403271e+00   3.0965957e+00
   5.6459874e+00   2.6584503e+00
   5.6516477e+00   2.2272411e+00
   5.6573080e+00   1.8534059e+00
   5.6629683e+00   1.5925457e+00
   5.6686286e+00   1.4342839e+00
   5.6742888e+00   1.3573585e+00
   5.6799491e+00   1.3221893e+00
   5.6856094e+00   1.3060176e+00
   5.6912697e+00   1.2987117e+00
   5.6969300e+00   1.2955032e+00
   5.7025903e+00   1.2961872e+00
   5.7082506e+00   1.2995184e+00
   5.7139108e+00   1.3090560e+00
   5.7195711e+00   1.3365402e+00
   5.7252314e+00   1.3989792e+00
   5.7308917e+00   1.5096082e+00
   5.7365520e+00   1.6723898e+00
   5.7422123e+00   1.8478265e+00
   5.7478725e+00   2.0100463e+00
   5.7535328e+00   2.1429601e+00
   5.7591931e+00   2.2580020e+00
   5.7648534e+00   2.3111809e+00
   5.7705137e+00   2.2923869e+00
   5.7761740e+00   2.2222923e+00
   5.7818343e+00   2.1089756e+00
   5.7874945e+00   1.9768213e+00
   5.7931548e+00   1.8696229e+00
   5.7988151e+00   1.8233067e+00
   5.8044754e+00   1.8559306e+00
   5.8101357e+00   1.9993288e+00
   5.8157960e+00   2.3587219e+00
   5.8214562e+00   3.1606946e+00
   5.8271165e+00   4.6766358e+00
   5.8327768e+00   7.1128760e+00
   5.8384371e+00   1.0036699e+01
   5.8440974e+00   1.2964386e+01
   5.8497577e+00   1.5175177e+01
   5.8554180e+00   1.7663027e+01
   5.8610782e+00   2.1531717e+01
   5.8667385e+00   2.5614541e+01
   5.8723988e+00   2.6725272e+01
   5.8780591e+00   2.3524992e+01
   5.8837194e+00   2.0057920e+01
   5.8893797e+00   1.7036891e+01
   5.8950399e+00   1.5185005e+01
   5.9007002e+00   1.2440185e+01
   5.9063605e+00   9.1558867e+00
   5.9120208e+00   6.1241864e+00
   5.9176811e+00   4.1635705e+00
   5.9233414e+00   3.1306251e+00
   5.9290016e+00   2.7490463e+00
   5.9346619e+00   2.7111190e+00
   5.9403222e+00   2.8602521e+00
   5.9459825e+00   3.0726281e+00
   5.9516428e+00   3.2553159e+00
   5.9573031e+00   3.3463547e+00
   5.9629634e+00   3.4157859e+00
   5.9686236e+00   3.3897724e+00
   5.9742839e+00   3.1674256e+00
   5.9799442e+00   2.8681596e+00
   5.9856045e+00   2.5638782e+00
   5.9912648e+00   2.2227683e+00
   5.9969251e+00   1.9092283e+00
   6.0025853e+00   1.6853586e+00
   6.0082456e+00   1.5755832e+00
   6.0139059e+00   1.5721441e+00
   6.0195662e+00   1.6432220e+00
   6.0252265e+00   1.7480943e+00
   6.0308868e+00   1.8515573e+00
   6.0365471e+00   1.9197519e+00
   6.0422073e+00   1.9572304e+00
   6.0478676e+00   1.9675347e+00
   6.0535279e+00   1.9305140e+00
   6.0591882e+00   1.8632218e+00
   6.0648485e+00   1.7818797e+00
   6.0705088e+00   1.6780365e+00
   6.0761690e+00   1.5546103e+00
   6.0818293e+00   1.4426892e+00
   6.0874896e+00   1.3569173e+00
   6.0931499e+00   1.3010745e+00
   6.0988102e+00   1.2650845e+00
   6.1044705e+00   1.2417697e+00
   6.1101308e+00   1.2260316e+00
   6.1157910e+00   1.2142552e+00
   6.1214513e+00   1.2067482e+00
   6.1271116e+00   1.2020916e+00
   6.1327719e+00   1.2017799e+00
   6.1384322e+00   1.1998038e+00
   6.1440925e+00   1.1939083e+00
   6.1497527e+00   1.1896565e+00
   6.1554130e+00   1.1849409e+00
   6.1610733e+00   1.1826877e+00
   6.1667336e+00   1.1807268e+00
   6.1723939e+00   1.1779069e+00
   6.1780542e+00   1.1764519e+00
   6.1837145e+00   1.1768423e+00
   6.1893747e+00   1.1780107e+00
   6.1950350e+00   1.1781529e+00
   6.2006953e+00   1.1779239e+00
   6.2063556e+00   1.1793970e+00
   6.2120159e+00   1.1813890e+00
   6.2176762e+00   1.1832751e+00
   6.2233364e+00   1.1862544e+00
   6.2289967e+00   1.1911397e+00
   6.2346570e+00   1.1984272e+00
   6.2403173e+00   1.2089248e+00
   6.2459776e+00   1.2286142e+00
   6.2516379e+00   1.2731211e+00
   6.2572982e+00   1.3933367e+00
   6.2629584e+00   1.7028099e+00
   6.2686187e+00   2.3139334e+00
   6.2742790e+00   3.2108669e+00
   6.2799393e+00   4.2289361e+00
   6.2855996e+00   5.2739046e+00
   6.2912599e+00   6.5342937e+00
   6.2969201e+00   8.0766450e+00
   6.3025804e+00   9.1316676e+00
   6.3082407e+00   8.7971626e+00
   6.3139010e+00   7.2926249e+00
   6.3195613e+00   5.7320971e+00
   6.3252216e+00   4.5287179e+00
   6.3308819e+00   3.4267569e+00
   6.3365421e+00   2.4719889e+00
   6.3422024e+00   1.7810519e+00
   6.3478627e+00   1.4254948e+00
   6.3535230e+00   1.2889635e+00
   6.3591833e+00   1.2442000e+00
   6.3648436e+00   1.2278186e+00
   6.3705038e+00   1.2225773e+00
   6.3761641e+00   1.2291991e+00
   6.3818244e+00   1.2447732e+00
   6.3874847e+00   1.2681498e+00
   6.3931450e+00   1.2968515e+00
   6.3988053e+00   1.3278091e+00
   6.4044656e+00   1.3580872e+00
   6.4101258e+00   1.3886519e+00
   6.4157861e+00   1.4247818e+00
   6.4214464e+00   1.4764032e+00
   6.4271067e+00   1.5583812e+00
   6.4327670e+00   1.6775294e+00
   6.4384273e+00   1.8294404e+00
   6.4440875e+00   1.9925921e+00
   6.4497478e+00   2.1576423e+00
   6.4554081e+00   2.3213660e+00
   6.4610684e+00   2.4851318e+00
   6.4667287e+00   2.6358624e+00
   6.4723890e+00   2.7395485e+00
   6.4780492e+00   2.7659371e+00
   6.4837095e+00   2.7055945e+00
   6.4893698e+00   2.5774807e+00
   6.4950301e+00   2.3980196e+00
   6.5006904e+00   2.2025291e+00
   6.5063507e+00   2.0257967e+00
   6.5120110e+00   1.8521585e+00
   6.5176712e+00   1.6725130e+00
   6.5233315e+00   1.5104262e+00
   6.5289918e+00   1.3909036e+00
   6.5346521e+00   1.3316275e+00
   6.5403124e+00   1.3440840e+00
   6.5459727e+00   1.4403845e+00
   6.5516329e+00   1.6252124e+00
   6.5572932e+00   1.8759273e+00
   6.5629535e+00   2.1441627e+00
   6.5686138e+00   2.4151026e+00
   6.5742741e+00   2.7365301e+00
   6.5799344e+00   3.0561643e+00
   6.5855947e+00   3.1709835e+00
   6.5912549e+00   2.9615571e+00
   6.5969152e+00   2.5925471e+00
   6.6025755e+00   2.2767313e+00
   6.6082358e+00   1.9826427e+00
   6.6138961e+00   1.6894905e+00
   6.6195564e+00   1.4452232e+00
   6.6252166e+00   1.2852222e+00
   6.6308769e+00   1.2110793e+00
   6.6365372e+00   1.1888792e+00
   6.6421975e+00   1.1858865e+00
   6.6478578e+00   1.1904296e+00
   6.6535181e+00   1.1989512e+00
   6.6591784e+00   1.2098279e+00
   6.6648386e+00   1.2221247e+00
   6.6704989e+00   1.2352261e+00
   6.6761592e+00   1.2494967e+00
   6.6818195e+00   1.2640545e+00
   6.6874798e+00   1.2832914e+00
   6.6931401e+00   1.3104341e+00
   6.6988003e+00   1.3534859e+00
   6.7044606e+00   1.4308628e+00
   6.7101209e+00   1.5671210e+00
   6.7157812e+00   1.8008983e+00
   6.7214415e+00   2.1632823e+00
   6.7271018e+00   2.6885297e+00
   6.7327621e+00   3.4171696e+00
   6.7384223e+00   4.2759133e+00
   6.7440826e+00   5.2235633e+00
   6.7497429e+00   6.0342894e+00
   6.7554032e+00   6.7107354e+00
   6.7610635e+00   7.1756170e+00
   6.7667238e+00   8.1799862e+00
   6.7723840e+00   1.0586721e+01
   6.7780443e+00   1.2197410e+01
   6.7837046e+00   1.2175414e+01
   6.7893649e+00   1.0355243e+01
   6.7950252e+00   7.6280042e+00
   6.8006855e+00   6.0991075e+00
   6.8063458e+00   5.7098021e+00
   6.8120060e+00   5.1889792e+00
   6.8176663e+00   4.4230038e+00
   6.8233266e+00   3.5136194e+00
   6.8289869e+00   2.7188170e+00
   6.8346472e+00   2.1551237e+00
   6.8403075e+00   1.8288967e+00
   6.8459677e+00   1.6584714e+00
   6.8516280e+00   1.5465824e+00
   6.8572883e+00   1.4721248e+00
   6.8629486e+00   1.4129168e+00
   6.8686089e+00   1.3694697e+00
   6.8742692e+00   1.3401398e+00
   6.8799295e+00   1.3219567e+00
   6.8855897e+00   1.3097043e+00
   6.8912500e+00   1.3005563e+00
   6.8969103e+00   1.2924658e+00
   6.9025706e+00   1.2822526e+00
   6.9082309e+00   1.2697258e+00
   6.9138912e+00   1.2552756e+00
   6.9195514e+00   1.2386656e+00
   6.9252117e+00   1.2198430e+00
   6.9308720e+00   1.2004639e+00
   6.9365323e+00   1.1816551e+00
   6.9421926e+00   1.1651363e+00
   6.9478529e+00   1.1512447e+00
   6.9535131e+00   1.1385417e+00
   6.9591734e+00   1.1282949e+00
   6.9648337e+00   1.1184462e+00
   6.9704940e+00   1.1096630e+00
   6.9761543e+00   1.1024823e+00
   6.9818146e+00   1.0982381e+00
   6.9874749e+00   1.0943096e+00
   6.9931351e+00   1.0895826e+00
   6.9987954e+00   1.0859758e+00
   7.0044557e+00   1.0839249e+00
   7.0101160e+00   1.0824881e+00
   7.0157763e+00   1.0808933e+00
   7.0214366e+00   1.0775246e+00
   7.0270968e+00   1.0751392e+00
   7.0327571e+00   1.0723760e+00
   7.0384174e+00   1.0702437e+00
   7.0440777e+00   1.0689801e+00
   7.0497380e+00   1.0684970e+00
   7.0553983e+00   1.0683115e+00
   7.0610586e+00   1.0683700e+00
   7.0667188e+00   1.0686730e+00
   7.0723791e+00   1.0688855e+00
   7.0780394e+00   1.0697088e+00
   7.0836997e+00   1.0711005e+00
   7.0893600e+00   1.0731256e+00
   7.0950203e+00   1.0755172e+00
   7.1006805e+00   1.0769029e+00
   7.1063408e+00   1.0781402e+00
   7.1120011e+00   1.0804502e+00
   7.1176614e+00   1.0822586e+00
   7.1233217e+00   1.0831987e+00
   7.1289820e+00   1.0849115e+00
   7.1346423e+00   1.0864406e+00
   7.1403025e+00   1.0873365e+00
   7.1459628e+00   1.0893057e+00
   7.1516231e+00   1.0948704e+00
   7.1572834e+00   1.1051737e+00
   7.1629437e+00   1.1227090e+00
   7.1686040e+00   1.1498835e+00
   7.1742642e+00   1.1845346e+00
   7.1799245e+00   1.2229931e+00
   7.1855848e+00   1.2582261e+00
   7.1912451e+00   1.2875885e+00
   7.1969054e+00   1.3104375e+00
   7.2025657e+00   1.3294145e+00
   7.2082260e+00   1.3438433e+00
   7.2138862e+00   1.3498577e+00
   7.2195465e+00   1.3471103e+00
   7.2252068e+00   1.3402489e+00
   7.2308671e+00   1.3353441e+00
   7.2365274e+00   1.3394883e+00
   7.2421877e+00   1.3581317e+00
   7.2478479e+00   1.3902472e+00
   7.2535082e+00   1.4257215e+00
   7.2591685e+00   1.4561780e+00
   7.2648288e+00   1.4768144e+00
   7.2704891e+00   1.4899832e+00
   7.2761494e+00   1.4944244e+00
   7.2818097e+00   1.4833958e+00
   7.2874699e+00   1.4600552e+00
   7.2931302e+00   1.4347904e+00
   7.2987905e+00   1.4143752e+00
   7.3044508e+00   1.4059875e+00
   7.3101111e+00   1.4207799e+00
   7.3157714e+00   1.4687179e+00
   7.3214316e+00   1.5526365e+00
   7.3270919e+00   1.6621706e+00
   7.3327522e+00   1.7789408e+00
   7.3384125e+00   1.8849113e+00
   7.3440728e+00   1.9713174e+00
   7.3497331e+00   2.0356361e+00
   7.3553934e+00   2.0744914e+00
   7.3610536e+00   2.0843310e+00
   7.3667139e+00   2.0902881e+00
   7.3723742e+00   2.1123053e+00
   7.3780345e+00   2.1430546e+00
   7.3836948e+00   2.1582995e+00
   7.3893551e+00   2.1456047e+00
   7.3950153e+00   2.1165979e+00
   7.4006756e+00   2.0835803e+00
   7.4063359e+00   2.0228622e+00
   7.4119962e+00   1.9141897e+00
   7.4176565e+00   1.8003137e+00
   7.4233168e+00   1.7041017e+00
   7.4289770e+00   1.6191786e+00
   7.4346373e+00   1.5397951e+00
   7.4402976e+00   1.4729132e+00
   7.4459579e+00   1.4286567e+00
   7.4516182e+00   1.4170953e+00
   7.4572785e+00   1.4529698e+00
   7.4629388e+00   1.5454842e+00
   7.4685990e+00   1.6956069e+00
   7.4742593e+00   1.8922800e+00
   7.4799196e+00   2.1085306e+00
   7.4855799e+00   2.3065034e+00
   7.4912402e+00   2.4701127e+00
   7.4969005e+00   2.6180359e+00
   7.5025607e+00   2.7757550e+00
   7.5082210e+00   2.8667257e+00
   7.5138813e+00   2.8773933e+00
   7.5195416e+00   6.0462454e+00
   7.5252019e+00   5.9252499e+00
   7.5308622e+00   3.3760455e+00
   7.5365225e+00   3.7863547e+00
   7.5421827e+00   4.2719059e+00
   7.5478430e+00   4.7993777e+00
   7.5535033e+00   5.2940541e+00
   7.5591636e+00   5.7401288e+00
   7.5648239e+00   6.1834827e+00
   7.5704842e+00   6.7788055e+00
   7.5761444e+00   7.4845810e+00
   7.5818047e+00   8.0022103e+00
   7.5874650e+00   8.1588277e+00
   7.5931253e+00   8.0329348e+00
   7.5987856e+00   7.7583354e+00
   7.6044459e+00   7.2411639e+00
   7.6101062e+00   6.5734286e+00
   7.6157664e+00   5.8868059e+00
   7.6214267e+00   5.1295216e+00
   7.6270870e+00   4.2808561e+00
   7.6327473e+00   3.4631799e+00
   7.6384076e+00   2.7957935e+00
   7.6440679e+00   2.3304236e+00
   7.6497281e+00   2.0422815e+00
   7.6553884e+00   1.8721631e+00
   7.6610487e+00   1.7777509e+00
   7.6667090e+00   1.7185767e+00
   7.6723693e+00   1.6692879e+00
   7.6780296e+00   1.6293959e+00
   7.6836899e+00   1.6040192e+00
   7.6893501e+00   1.5929752e+00
   7.6950104e+00   1.5915135e+00
   7.7006707e+00   1.5934092e+00
   7.7063310e+00   1.5936960e+00
   7.7119913e+00   1.5907429e+00
   7.7176516e+00   1.5879121e+00
   7.7233118e+00   1.5858972e+00
   7.7289721e+00   1.5774220e+00
   7.7346324e+00   1.5523363e+00
   7.7402927e+00   1.5117222e+00
   7.7459530e+00   1.4680222e+00
   7.7516133e+00   1.4172897e+00
   7.7572736e+00   1.3615400e+00
   7.7629338e+00   1.2966902e+00
   7.7685941e+00   1.2324064e+00
   7.7742544e+00   1.1803908e+00
   7.7799147e+00   1.1452960e+00
   7.7855750e+00   1.1251905e+00
   7.7912353e+00   1.1154134e+00
   7.7968955e+00   1.1096632e+00
   7.8025558e+00   1.1051014e+00
   7.8082161e+00   1.1007113e+00
   7.8138764e+00   1.0968372e+00
   7.8195367e+00   1.0941930e+00
   7.8251970e+00   1.0914912e+00
   7.8308573e+00   1.0881118e+00
   7.8365175e+00   1.0851975e+00
   7.8421778e+00   1.0821217e+00
   7.8478381e+00   1.0804557e+00
   7.8534984e+00   1.0786468e+00
   7.8591587e+00   1.0768913e+00
   7.8648190e+00   1.0739608e+00
   7.8704792e+00   1.0720344e+00
   7.8761395e+00   1.0707291e+00
   7.8817998e+00   1.0697087e+00
   7.8874601e+00   1.0688076e+00
   7.8931204e+00   1.0678251e+00
   7.8987807e+00   1.0682677e+00
   7.9044409e+00   1.0696074e+00
   7.9101012e+00   1.0709633e+00
   7.9157615e+00   1.0730105e+00
   7.9214218e+00   1.0765996e+00
   7.9270821e+00   1.0806591e+00
   7.9327424e+00   1.0850074e+00
   7.9384027e+00   1.0908234e+00
   7.9440629e+00   1.0962633e+00
   7.9497232e+00   1.1018671e+00
   7.9553835e+00   1.1071754e+00
   7.9610438e+00   1.1110494e+00
   7.9667041e+00   1.1143595e+00
   7.9723644e+00   1.1158574e+00
   7.9780246e+00   1.1163799e+00
   7.9836849e+00   1.1169202e+00
   7.9893452e+00   1.1152887e+00
   7.9950055e+00   1.1141153e+00
   8.0006658e+00   1.1128515e+00
   8.0063261e+00   1.1121629e+00
   8.0119864e+00   1.1142498e+00
   8.0176466e+00   1.1220033e+00
   8.0233069e+00   1.1385518e+00
   8.0289672e+00   1.1688605e+00
   8.0346275e+00   1.2182564e+00
   8.0402878e+00   1.2890643e+00
   8.0459481e+00   1.3745402e+00
   8.0516083e+00   1.4620005e+00
   8.0572686e+00   1.5374900e+00
   8.0629289e+00   1.5963566e+00
   8.0685892e+00   1.6369436e+00
   8.0742495e+00   1.6652553e+00
   8.0799098e+00   1.6741230e+00
   8.0855701e+00   1.6525512e+00
   8.0912303e+00   1.6106557e+00
   8.0968906e+00   1.5630065e+00
   8.1025509e+00   1.5124657e+00
   8.1082112e+00   1.4540971e+00
   8.1138715e+00   1.3928563e+00
   8.1195318e+00   1.3386909e+00
   8.1251920e+00   1.3061441e+00
   8.1308523e+00   1.3031767e+00
   8.1365126e+00   1.3306540e+00
   8.1421729e+00   1.3786780e+00
   8.1478332e+00   1.4347183e+00
   8.1534935e+00   1.4860425e+00
   8.1591538e+00   1.5320807e+00
   8.1648140e+00   1.5682915e+00
   8.1704743e+00   1.5954287e+00
   8.1761346e+00   1.6078117e+00
   8.1817949e+00   1.6025528e+00
   8.1874552e+00   1.5818460e+00
   8.1931155e+00   1.5479605e+00
   8.1987757e+00   1.5064363e+00
   8.2044360e+00   1.4583657e+00
   8.2100963e+00   1.4115090e+00
   8.2157566e+00   1.3735180e+00
   8.2214169e+00   1.3541745e+00
   8.2270772e+00   1.3678453e+00
   8.2327375e+00   1.4320043e+00
   8.2383977e+00   1.5750760e+00
   8.2440580e+00   1.8248042e+00
   8.2497183e+00   2.1764668e+00
   8.2553786e+00   2.6120344e+00
   8.2610389e+00   3.0680462e+00
   8.2666992e+00   3.4849632e+00
   8.2723594e+00   3.8339977e+00
   8.2780197e+00   4.1547642e+00
   8.2836800e+00   4.4803555e+00
   8.2893403e+00   4.6927027e+00
   8.2950006e+00   4.7190036e+00
   8.3006609e+00   4.5587252e+00
   8.3063212e+00   4.3158796e+00
   8.3119814e+00   4.0757705e+00
   8.3176417e+00   3.8541300e+00
   8.3233020e+00   3.6264539e+00
   8.3289623e+00   3.3845824e+00
   8.3346226e+00   3.1306149e+00
   8.3402829e+00   2.8631532e+00
   8.3459431e+00   2.5991736e+00
   8.3516034e+00   2.3325939e+00
   8.3572637e+00   2.0701341e+00
   8.3629240e+00   1.8263286e+00
   8.3685843e+00   1.6216992e+00
   8.3742446e+00   1.4719880e+00
   8.3799048e+00   1.3682364e+00
   8.3855651e+00   1.3034611e+00
   8.3912254e+00   1.2662950e+00
   8.3968857e+00   1.2499204e+00
   8.4025460e+00   1.2522858e+00
   8.4082063e+00   1.2742597e+00
   8.4138666e+00   1.3140267e+00
   8.4195268e+00   1.3683637e+00
   8.4251871e+00   1.4267143e+00
   8.4308474e+00   1.4803655e+00
   8.4365077e+00   1.5237578e+00
   8.4421680e+00   1.5583112e+00
   8.4478283e+00   1.5995752e+00
   8.4534885e+00   1.6595917e+00
   8.4591488e+00   1.7507399e+00
   8.4648091e+00   1.8658936e+00
   8.4704694e+00   1.9904582e+00
   8.4761297e+00   2.1034901e+00
   8.4817900e+00   2.1888120e+00
   8.4874503e+00   2.2619508e+00
   8.4931105e+00   2.3495693e+00
   8.4987708e+00   2.4469406e+00
   8.5044311e+00   2.5001982e+00
   8.5100914e+00   2.4592089e+00
   8.5157517e+00   2.3200185e+00
   8.5214120e+00   2.1477136e+00
   8.5270722e+00   1.9883307e+00
   8.5327325e+00   1.8300075e+00
   8.5383928e+00   1.6699413e+00
   8.5440531e+00   1.5160259e+00
   8.5497134e+00   1.3892735e+00
   8.5553737e+00   1.2981667e+00
   8.5610340e+00   1.2469366e+00
   8.5666942e+00   1.2216271e+00
   8.5723545e+00   1.2105886e+00
   8.5780148e+00   1.2088371e+00
   8.5836751e+00   1.2124370e+00
   8.5893354e+00   1.2229342e+00
   8.5949957e+00   1.2403796e+00
   8.6006559e+00   1.2642877e+00
   8.6063162e+00   1.2990540e+00
   8.6119765e+00   1.3466225e+00
   8.6176368e+00   1.4023627e+00
   8.6232971e+00   1.4635048e+00
   8.6289574e+00   1.5353885e+00
   8.6346177e+00   1.6034108e+00
   8.6402779e+00   1.6591037e+00
   8.6459382e+00   1.7066316e+00
   8.6515985e+00   1.7420911e+00
   8.6572588e+00   1.7652211e+00
   8.6629191e+00   1.7744440e+00
   8.6685794e+00   1.7613873e+00
   8.6742396e+00   1.7298736e+00
   8.6798999e+00   1.6864742e+00
   8.6855602e+00   1.6395788e+00
   8.6912205e+00   1.5902369e+00
   8.6968808e+00   1.5338415e+00
   8.7025411e+00   1.4788765e+00
   8.7082014e+00   1.4515117e+00
   8.7138616e+00   1.4406864e+00
   8.7195219e+00   1.4071693e+00
   8.7251822e+00   1.3926109e+00
   8.7308425e+00   1.3984843e+00
   8.7365028e+00   1.4225744e+00
   8.7421631e+00   1.4529583e+00
   8.7478233e+00   1.4552436e+00
   8.7534836e+00   1.4198739e+00
   8.7591439e+00   1.4013945e+00
   8.7648042e+00   1.4060830e+00
   8.7704645e+00   1.4224868e+00
   8.7761248e+00   1.4455948e+00
   8.7817851e+00   1.4750931e+00
   8.7874453e+00   1.5062061e+00
   8.7931056e+00   1.5325143e+00
   8.7987659e+00   1.5465680e+00
   8.8044262e+00   1.5434678e+00
   8.8100865e+00   1.5266543e+00
   8.8157468e+00   1.5023060e+00
   8.8214070e+00   1.4733885e+00
   8.8270673e+00   1.4458286e+00
   8.8327276e+00   1.4200362e+00
   8.8383879e+00   1.3957079e+00
   8.8440482e+00   1.3662990e+00
   8.8497085e+00   1.3298680e+00
   8.8553687e+00   1.2881179e+00
   8.8610290e+00   1.2490591e+00
   8.8666893e+00   1.2217735e+00
   8.8723496e+00   1.2106255e+00
   8.8780099e+00   1.2164290e+00
   8.8836702e+00   1.2409379e+00
   8.8893305e+00   1.2888462e+00
   8.8949907e+00   1.3763882e+00
   8.9006510e+00   1.5273110e+00
   8.9063113e+00   1.7639622e+00
   8.9119716e+00   2.1045318e+00
   8.9176319e+00   2.5323690e+00
   8.9232922e+00   3.0040694e+00
   8.9289524e+00   3.4641505e+00
   8.9346127e+00   3.8408464e+00
   8.9402730e+00   4.1130579e+00
   8.9459333e+00   4.3291025e+00
   8.9515936e+00   4.7167489e+00
   8.9572539e+00   5.4805845e+00
   8.9629142e+00   6.5152453e+00
   8.9685744e+00   7.4764559e+00
   8.9742347e+00   7.8878160e+00
   8.9798950e+00   7.6079698e+00
   8.9855553e+00   6.6919032e+00
   8.9912156e+00   5.5060598e+00
   8.9968759e+00   4.7690998e+00
   9.0025361e+00   4.5048748e+00
   9.0081964e+00   4.3548609e+00
   9.0138567e+00   4.1260806e+00
   9.0195170e+00   3.7679729e+00
   9.0251773e+00   3.3104049e+00
   9.0308376e+00   2.8376853e+00
   9.0364979e+00   2.4006395e+00
   9.0421581e+00   2.0639073e+00
   9.0478184e+00   1.8384705e+00
   9.0534787e+00   1.7013530e+00
   9.0591390e+00   1.6153287e+00
   9.0647993e+00   1.5488387e+00
   9.0704596e+00   1.4920942e+00
   9.0761198e+00   1.4379314e+00
   9.0817801e+00   1.3830362e+00
   9.0874404e+00   1.3263656e+00
   9.0931007e+00   1.2695702e+00
   9.0987610e+00   1.2197352e+00
   9.1044213e+00   1.1793486e+00
   9.1100816e+00   1.1496691e+00
   9.1157418e+00   1.1308112e+00
   9.1214021e+00   1.1181600e+00
   9.1270624e+00   1.1093820e+00
   9.1327227e+00   1.1020931e+00
   9.1383830e+00   1.0959270e+00
   9.1440433e+00   1.0923485e+00
   9.1497035e+00   1.0889087e+00
   9.1553638e+00   1.0858600e+00
   9.1610241e+00   1.0835482e+00
   9.1666844e+00   1.0821149e+00
   9.1723447e+00   1.0813608e+00
   9.1780050e+00   1.0796799e+00
   9.1836653e+00   1.0783304e+00
   9.1893255e+00   1.0763172e+00
   9.1949858e+00   1.0751567e+00
   9.2006461e+00   1.0753521e+00
   9.2063064e+00   1.0747822e+00
   9.2119667e+00   1.0748477e+00
   9.2176270e+00   1.0742736e+00
   9.2232872e+00   1.0736836e+00
   9.2289475e+00   1.0741476e+00
   9.2346078e+00   1.0752367e+00
   9.2402681e+00   1.0779037e+00
   9.2459284e+00   1.0811675e+00
   9.2515887e+00   1.0887117e+00
   9.2572490e+00   1.1063539e+00
   9.2629092e+00   1.1392288e+00
   9.2685695e+00   1.1916863e+00
   9.2742298e+00   1.2582445e+00
   9.2798901e+00   1.3355930e+00
   9.2855504e+00   1.4157051e+00
   9.2912107e+00   1.4883971e+00
   9.2968709e+00   1.5534814e+00
   9.3025312e+00   1.6143142e+00
   9.3081915e+00   1.6789420e+00
   9.3138518e+00   1.7377487e+00
   9.3195121e+00   1.7700300e+00
   9.3251724e+00   1.7595862e+00
   9.3308327e+00   1.7077811e+00
   9.3364929e+00   1.6439331e+00
   9.3421532e+00   1.5840834e+00
   9.3478135e+00   1.5244803e+00
   9.3534738e+00   1.4573534e+00
   9.3591341e+00   1.3885848e+00
   9.3647944e+00   1.3261804e+00
   9.3704546e+00   1.2734427e+00
   9.3761149e+00   1.2379011e+00
   9.3817752e+00   1.2169173e+00
   9.3874355e+00   1.2072295e+00
   9.3930958e+00   1.2026362e+00
   9.3987561e+00   1.1957344e+00
   9.4044163e+00   1.1907197e+00
   9.4100766e+00   1.1858959e+00
   9.4157369e+00   1.1789248e+00
   9.4213972e+00   1.1681049e+00
   9.4270575e+00   1.1617248e+00
   9.4327178e+00   1.1596760e+00
   9.4383781e+00   1.1624445e+00
   9.4440383e+00   1.1732027e+00
   9.4496986e+00   1.1900189e+00
   9.4553589e+00   1.2083242e+00
   9.4610192e+00   1.2259469e+00
   9.4666795e+00   1.2425375e+00
   9.4723398e+00   1.2568111e+00
   9.4780000e+00   1.2681204e+00
   9.4836603e+00   1.2782208e+00
   9.4893206e+00   1.2889498e+00
   9.4949809e+00   1.2996440e+00
   9.5006412e+00   1.3100169e+00
   9.5063015e+00   1.3223221e+00
   9.5119618e+00   1.3337979e+00
   9.5176220e+00   1.3449397e+00
   9.5232823e+00   1.3576821e+00
   9.5289426e+00   1.3732518e+00
   9.5346029e+00   1.3947143e+00
   9.5402632e+00   1.4258135e+00
   9.5459235e+00   1.4657266e+00
   9.5515837e+00   1.5357873e+00
   9.5572440e+00   1.5785836e+00
   9.5629043e+00   1.5711150e+00
   9.5685646e+00   1.5725854e+00
   9.5742249e+00   1.5895794e+00
   9.5798852e+00   1.5787214e+00
   9.5855455e+00   1.5666458e+00
   9.5912057e+00   1.5835561e+00
   9.5968660e+00   1.6120475e+00
   9.6025263e+00   1.6271221e+00
   9.6081866e+00   1.6393129e+00
   9.6138469e+00   1.6549229e+00
   9.6195072e+00   1.6603072e+00
   9.6251674e+00   1.6602369e+00
   9.6308277e+00   1.6539559e+00
   9.6364880e+00   1.6365823e+00
   9.6421483e+00   1.6020268e+00
   9.6478086e+00   1.5662366e+00
   9.6534689e+00   1.5202548e+00
   9.6591292e+00   1.4583187e+00
   9.6647894e+00   1.4243619e+00
   9.6704497e+00   1.3735154e+00
   9.6761100e+00   1.3065310e+00
   9.6817703e+00   1.2886958e+00
   9.6874306e+00   1.2879726e+00
   9.6930909e+00   1.2889037e+00
   9.6987511e+00   1.2942969e+00
   9.7044114e+00   1.3020234e+00
   9.7100717e+00   1.3038831e+00
   9.7157320e+00   1.3014193e+00
   9.7213923e+00   1.2985447e+00
   9.7270526e+00   1.2917974e+00
   9.7327129e+00   1.2832298e+00
   9.7383731e+00   1.2743143e+00
   9.7440334e+00   1.2657235e+00
   9.7496937e+00   1.2534508e+00
   9.7553540e+00   1.2380567e+00
   9.7610143e+00   1.2208026e+00
   9.7666746e+00   1.2026258e+00
   9.7723348e+00   1.1852883e+00
   9.7779951e+00   1.1667086e+00
   9.7836554e+00   1.1489918e+00
   9.7893157e+00   1.1364258e+00
   9.7949760e+00   1.1362938e+00
   9.8006363e+00   1.1417912e+00
   9.8062966e+00   1.1434539e+00
   9.8119568e+00   1.1519979e+00
   9.8176171e+00   1.1732251e+00
   9.8232774e+00   1.2285345e+00
   9.8289377e+00   1.3148792e+00
   9.8345980e+00   1.3655470e+00
   9.8402583e+00   1.4160110e+00
   9.8459185e+00   1.5141921e+00
   9.8515788e+00   1.6132620e+00
   9.8572391e+00   1.7048966e+00
   9.8628994e+00   1.7874231e+00
   9.8685597e+00   1.8595517e+00
   9.8742200e+00   1.9196243e+00
   9.8798802e+00   1.9698566e+00
   9.8855405e+00   2.0038668e+00
   9.8912008e+00   2.0148469e+00
   9.8968611e+00   1.9929249e+00
   9.9025214e+00   1.9466452e+00
   9.9081817e+00   1.8865920e+00
   9.9138420e+00   1.8155075e+00
   9.9195022e+00   1.7315982e+00
   9.9251625e+00   1.6421774e+00
   9.9308228e+00   1.5568806e+00
   9.9364831e+00   1.4771546e+00
   9.9421434e+00   1.4137050e+00
   9.9478037e+00   1.3697688e+00
   9.9534639e+00   1.3490149e+00
   9.9591242e+00   1.3435233e+00
   9.9647845e+00   1.3475415e+00
   9.9704448e+00   1.3579299e+00
   9.9761051e+00   1.3761254e+00
   9.9817654e+00   1.4018183e+00
   9.9874257e+00   1.4297009e+00
   9.9930859e+00   1.4558997e+00
   9.9987462e+00   1.4817305e+00
   1.0004407e+01   1.5105777e+00
   1.0010067e+01   1.5373074e+00
   1.0015727e+01   1.5633229e+00
   1.0021387e+01   1.5875190e+00
   1.0027048e+01   1.6064671e+00
   1.0032708e+01   1.6183708e+00
   1.0038368e+01   1.6227592e+00
   1.0044029e+01   1.6195820e+00
   1.0049689e+01   1.6074969e+00
   1.0055349e+01   1.5861326e+00
   1.0061009e+01   1.5601496e+00
   1.0066670e+01   1.5311380e+00
   1.0072330e+01   1.5071473e+00
   1.0077990e+01   1.4937387e+00
   1.0083650e+01   1.4919582e+00
   1.0089311e+01   1.5106203e+00
   1.0094971e+01   1.5531919e+00
   1.0100631e+01   1.6264006e+00
   1.0106292e+01   1.7352428e+00
   1.0111952e+01   1.8780661e+00
   1.0117612e+01   2.0433180e+00
   1.0123272e+01   2.2191299e+00
   1.0128933e+01   2.3939002e+00
   1.0134593e+01   2.5486531e+00
   1.0140253e+01   2.6749548e+00
   1.0145914e+01   2.7672420e+00
   1.0151574e+01   2.8298604e+00
   1.0157234e+01   2.8869769e+00
   1.0162894e+01   3.0002842e+00
   1.0168555e+01   3.2422783e+00
   1.0174215e+01   3.5113733e+00
   1.0179875e+01   3.6583706e+00
   1.0185536e+01   3.6198787e+00
   1.0191196e+01   3.4328981e+00
   1.0196856e+01   3.1979291e+00
   1.0202516e+01   3.0201465e+00
   1.0208177e+01   2.9091654e+00
   1.0213837e+01   2.8191436e+00
   1.0219497e+01   2.7104354e+00
   1.0225158e+01   2.5661028e+00
   1.0230818e+01   2.3895487e+00
   1.0236478e+01   2.1764143e+00
   1.0242138e+01   1.9492992e+00
   1.0247799e+01   1.7405898e+00
   1.0253459e+01   1.5699645e+00
   1.0259119e+01   1.4445951e+00
   1.0264780e+01   1.3630704e+00
   1.0270440e+01   1.3108969e+00
   1.0276100e+01   1.2796557e+00
   1.0281760e+01   1.2642553e+00
   1.0287421e+01   1.2529984e+00
   1.0293081e+01   1.2426056e+00
   1.0298741e+01   1.2349114e+00
   1.0304402e+01   1.2274162e+00
   1.0310062e+01   1.2205513e+00
   1.0315722e+01   1.2135657e+00
   1.0321382e+01   1.2042915e+00
   1.0327043e+01   1.1945348e+00
   1.0332703e+01   1.1833982e+00
   1.0338363e+01   1.1742733e+00
   1.0344024e+01   1.1637619e+00
   1.0349684e+01   1.1510312e+00
   1.0355344e+01   1.1391083e+00
   1.0361004e+01   1.1311974e+00
   1.0366665e+01   1.1287133e+00
   1.0372325e+01   1.1383903e+00
   1.0377985e+01   1.1521919e+00
   1.0383646e+01   1.1422163e+00
   1.0389306e+01   1.1457520e+00
   1.0394966e+01   1.1382972e+00
   1.0400626e+01   1.1242116e+00
   1.0406287e+01   1.1277371e+00
   1.0411947e+01   1.1284800e+00
   1.0417607e+01   1.1285905e+00
   1.0423268e+01   1.1292598e+00
   1.0428928e+01   1.1300383e+00
   1.0434588e+01   1.1323198e+00
   1.0440248e+01   1.1354261e+00
   1.0445909e+01   1.1363104e+00
   1.0451569e+01   1.1370033e+00
   1.0457229e+01   1.1398465e+00
   1.0462890e+01   1.1427954e+00
   1.0468550e+01   1.1448651e+00
   1.0474210e+01   1.1460241e+00
   1.0479870e+01   1.1480103e+00
   1.0485531e+01   1.1505928e+00
   1.0491191e+01   1.1551565e+00
   1.0496851e+01   1.1628622e+00
   1.0502512e+01   1.1736033e+00
   1.0508172e+01   1.1914139e+00
   1.0513832e+01   1.2122896e+00
   1.0519492e+01   1.2338304e+00
   1.0525153e+01   1.2571680e+00
   1.0530813e+01   1.2809367e+00
   1.0536473e+01   1.3042521e+00
   1.0542134e+01   1.3222791e+00
   1.0547794e+01   1.3364899e+00
   1.0553454e+01   1.3476968e+00
   1.0559114e+01   1.3550626e+00
   1.0564775e+01   1.3610308e+00
   1.0570435e+01   1.3645014e+00
   1.0576095e+01   1.3600031e+00
   1.0581756e+01   1.3521406e+00
   1.0587416e+01   1.3463424e+00
   1.0593076e+01   1.3457524e+00
   1.0598736e+01   1.3478484e+00
   1.0604397e+01   1.3499368e+00
   1.0610057e+01   1.3522805e+00
   1.0615717e+01   1.3534483e+00
   1.0621378e+01   1.3566355e+00
   1.0627038e+01   1.3673555e+00
   1.0632698e+01   1.3814243e+00
   1.0638358e+01   1.3935380e+00
   1.0644019e+01   1.4137171e+00
   1.0649679e+01   1.4518017e+00
   1.0655339e+01   1.5023238e+00
   1.0661000e+01   1.5666737e+00
   1.0666660e+01   1.6440832e+00
   1.0672320e+01   1.7210493e+00
   1.0677980e+01   1.7972466e+00
   1.0683641e+01   1.8680880e+00
   1.0689301e+01   1.9340904e+00
   1.0694961e+01   1.9924197e+00
   1.0700622e+01   2.0416887e+00
   1.0706282e+01   2.0899659e+00
   1.0711942e+01   2.1450376e+00
   1.0717602e+01   2.2135182e+00
   1.0723263e+01   2.2961655e+00
   1.0728923e+01   2.3737246e+00
   1.0734583e+01   2.4067332e+00
   1.0740243e+01   2.3845734e+00
   1.0745904e+01   2.3296932e+00
   1.0751564e+01   2.2702894e+00
   1.0757224e+01   2.2175723e+00
   1.0762885e+01   2.1666083e+00
   1.0768545e+01   2.1056416e+00
   1.0774205e+01   2.0334515e+00
   1.0779865e+01   1.9530607e+00
   1.0785526e+01   1.8586299e+00
   1.0791186e+01   1.7505955e+00
   1.0796846e+01   1.6345688e+00
   1.0802507e+01   1.5198386e+00
   1.0808167e+01   1.4195890e+00
   1.0813827e+01   1.3391458e+00
   1.0819487e+01   1.2832032e+00
   1.0825148e+01   1.2405700e+00
   1.0830808e+01   1.2096352e+00
   1.0836468e+01   1.1869241e+00
   1.0842129e+01   1.1727881e+00
   1.0847789e+01   1.1666509e+00
   1.0853449e+01   1.1651317e+00
   1.0859109e+01   1.1643374e+00
   1.0864770e+01   1.1640464e+00
   1.0870430e+01   1.1673275e+00
   1.0876090e+01   1.1702207e+00
   1.0881751e+01   1.1744047e+00
   1.0887411e+01   1.1780183e+00
   1.0893071e+01   1.1849423e+00
   1.0898731e+01   1.1927556e+00
   1.0904392e+01   1.2020223e+00
   1.0910052e+01   1.2079303e+00
   1.0915712e+01   1.2166224e+00
   1.0921373e+01   1.2273507e+00
   1.0927033e+01   1.2324786e+00
   1.0932693e+01   1.2348106e+00
   1.0938353e+01   1.2404809e+00
   1.0944014e+01   1.2469532e+00
   1.0949674e+01   1.2546944e+00
   1.0955334e+01   1.2624767e+00
   1.0960995e+01   1.2716443e+00
   1.0966655e+01   1.2813018e+00
   1.0972315e+01   1.2923454e+00
   1.0977975e+01   1.3063529e+00
   1.0983636e+01   1.3207278e+00
   1.0989296e+01   1.3313908e+00
   1.0994956e+01   1.3412387e+00
   1.1000617e+01   1.3536486e+00
   1.1006277e+01   1.3612963e+00
   1.1011937e+01   1.3638197e+00
   1.1017597e+01   1.3667132e+00
   1.1023258e+01   1.3669227e+00
   1.1028918e+01   1.3638706e+00
   1.1034578e+01   1.3600336e+00
   1.1040239e+01   1.3545110e+00
   1.1045899e+01   1.3459421e+00
   1.1051559e+01   1.3415746e+00
   1.1057219e+01   1.3400140e+00
   1.1062880e+01   1.3403922e+00
   1.1068540e+01   1.3465760e+00
   1.1074200e+01   1.3535323e+00
   1.1079861e+01   1.3640087e+00
   1.1085521e+01   1.3725339e+00
   1.1091181e+01   1.3792308e+00
   1.1096841e+01   1.3913197e+00
   1.1102502e+01   1.4060064e+00
   1.1108162e+01   1.4162367e+00
   1.1113822e+01   1.4285852e+00
   1.1119483e+01   1.4370221e+00
   1.1125143e+01   1.4406348e+00
   1.1130803e+01   1.4425179e+00
   1.1136463e+01   1.4484151e+00
   1.1142124e+01   1.4513660e+00
   1.1147784e+01   1.4553064e+00
   1.1153444e+01   1.4562737e+00
   1.1159105e+01   1.4564671e+00
   1.1164765e+01   1.4579928e+00
   1.1170425e+01   1.4676650e+00
   1.1176085e+01   1.4867604e+00
   1.1181746e+01   1.5238774e+00
   1.1187406e+01   1.5701071e+00
   1.1193066e+01   1.6316442e+00
   1.1198727e+01   1.7082732e+00
   1.1204387e+01   1.7902493e+00
   1.1210047e+01   1.8755365e+00
   1.1215707e+01   1.9615059e+00
   1.1221368e+01   2.0477212e+00
   1.1227028e+01   2.1268606e+00
   1.1232688e+01   2.1978388e+00
   1.1238349e+01   2.2569169e+00
   1.1244009e+01   2.3173512e+00
   1.1249669e+01   2.3846322e+00
   1.1255329e+01   2.4445581e+00
   1.1260990e+01   2.4770774e+00
   1.1266650e+01   2.4752721e+00
   1.1272310e+01   2.4449142e+00
   1.1277971e+01   2.3868287e+00
   1.1283631e+01   2.3160089e+00
   1.1289291e+01   2.2348975e+00
   1.1294951e+01   2.1596661e+00
   1.1300612e+01   2.0799957e+00
   1.1306272e+01   1.9898387e+00
   1.1311932e+01   1.9005662e+00
   1.1317593e+01   1.8151151e+00
   1.1323253e+01   1.7392661e+00
   1.1328913e+01   1.6745202e+00
   1.1334573e+01   1.6256222e+00
   1.1340234e+01   1.5965743e+00
   1.1345894e+01   1.5788778e+00
   1.1351554e+01   1.5696184e+00
   1.1357215e+01   1.5728283e+00
   1.1362875e+01   1.5891382e+00
   1.1368535e+01   1.6093036e+00
   1.1374195e+01   1.6332622e+00
   1.1379856e+01   1.6645136e+00
   1.1385516e+01   1.6952246e+00
   1.1391176e+01   1.7156192e+00
   1.1396837e+01   1.7355032e+00
   1.1402497e+01   1.7564036e+00
   1.1408157e+01   1.7672628e+00
   1.1413817e+01   1.7789495e+00
   1.1419478e+01   1.7872920e+00
   1.1425138e+01   1.7901270e+00
   1.1430798e+01   1.7844933e+00
   1.1436458e+01   1.7694334e+00
   1.1442119e+01   1.7460394e+00
   1.1447779e+01   1.7161533e+00
   1.1453439e+01   1.6828318e+00
   1.1459100e+01   1.6441695e+00
   1.1464760e+01   1.6062865e+00
   1.1470420e+01   1.5674942e+00
   1.1476080e+01   1.5340057e+00
   1.1481741e+01   1.5091668e+00
   1.1487401e+01   1.4871916e+00
   1.1493061e+01   1.4755801e+00
   1.1498722e+01   1.4734324e+00
   1.1504382e+01   1.4741315e+00
   1.1510042e+01   1.4864955e+00
   1.1515702e+01   1.4962642e+00
   1.1521363e+01   1.4934335e+00
   1.1527023e+01   1.4956300e+00
   1.1532683e+01   1.5041575e+00
   1.1538344e+01   1.5161737e+00
   1.1544004e+01   1.5395782e+00
   1.1549664e+01   1.5493178e+00
   1.1555324e+01   1.5533274e+00
   1.1560985e+01   1.5632449e+00
   1.1566645e+01   1.5693862e+00
   1.1572305e+01   1.5876939e+00
   1.1577966e+01   1.5999628e+00
   1.1583626e+01   1.6010876e+00
   1.1589286e+01   1.6064931e+00
   1.1594946e+01   1.6220969e+00
   1.1600607e+01   1.6337226e+00
   1.1606267e+01   1.6360856e+00
   1.1611927e+01   1.6384775e+00
   1.1617588e+01   1.6464534e+00
   1.1623248e+01   1.6615651e+00
   1.1628908e+01   1.6746282e+00
   1.1634568e+01   1.6737488e+00
   1.1640229e+01   1.6862323e+00
   1.1645889e+01   1.6969517e+00
   1.1651549e+01   1.7083584e+00
   1.1657210e+01   1.7190563e+00
   1.1662870e+01   1.7285496e+00
   1.1668530e+01   1.7496505e+00
   1.1674190e+01   1.7829668e+00
   1.1679851e+01   1.8259208e+00
   1.1685511e+01   1.8708442e+00
   1.1691171e+01   1.9319810e+00
   1.1696832e+01   2.0142882e+00
   1.1702492e+01   2.0942776e+00
   1.1708152e+01   2.1661505e+00
   1.1713812e+01   2.2261810e+00
   1.1719473e+01   2.2887093e+00
   1.1725133e+01   2.3455800e+00
   1.1730793e+01   2.3960710e+00
   1.1736454e+01   2.4228278e+00
   1.1742114e+01   2.4458505e+00
   1.1747774e+01   2.4662670e+00
   1.1753434e+01   2.4727841e+00
   1.1759095e+01   2.4855042e+00
   1.1764755e+01   2.4872186e+00
   1.1770415e+01   2.4984609e+00
   1.1776076e+01   2.5062439e+00
   1.1781736e+01   2.5013888e+00
   1.1787396e+01   2.5119454e+00
   1.1793056e+01   2.5771307e+00
   1.1798717e+01   2.6167596e+00
   1.1804377e+01   2.5626391e+00
   1.1810037e+01   2.4951797e+00
   1.1815698e+01   2.4587587e+00
   1.1821358e+01   2.4311486e+00
   1.1827018e+01   2.3929358e+00
   1.1832678e+01   2.3544879e+00
   1.1838339e+01   2.3183778e+00
   1.1843999e+01   2.2783449e+00
   1.1849659e+01   2.2516297e+00
   1.1855320e+01   2.2522619e+00
   1.1860980e+01   2.2574687e+00
   1.1866640e+01   2.2548071e+00
   1.1872300e+01   2.2790992e+00
   1.1877961e+01   2.3029356e+00
   1.1883621e+01   2.3321430e+00
   1.1889281e+01   2.3705644e+00
   1.1894942e+01   2.4173295e+00
   1.1900602e+01   2.4654264e+00
   1.1906262e+01   2.5098784e+00
   1.1911922e+01   2.5673267e+00
   1.1917583e+01   2.6162519e+00
   1.1923243e+01   2.6761032e+00
   1.1928903e+01   2.7545646e+00
   1.1934564e+01   2.8385997e+00
   1.1940224e+01   2.9208491e+00
   1.1945884e+01   3.0029800e+00
   1.1951544e+01   3.0953527e+00
   1.1957205e+01   3.2393763e+00
   1.1962865e+01   3.4075762e+00
   1.1968525e+01   3.5865770e+00
   1.1974186e+01   3.7835044e+00
   1.1979846e+01   4.0497244e+00
   1.1985506e+01   4.4180650e+00
   1.1991166e+01   4.8525051e+00
   1.1996827e+01   5.4221609e+00
   1.2002487e+01   6.3503762e+00
   1.2008147e+01   8.3593906e+00
   1.2013808e+01   1.3922492e+01
