0.498794203	0
0.498944556	0
0.499095016	0
0.499245581	0
0.499396252	0
0.499547029	0
0.499697913	0
0.499848903	0
0.5	0
0.500151203	1
0.500302513	1
0.50045393	1
0.500605454	2
0.500757085	2
0.500908823	2
0.501060668	2
0.50121262	2
0.50136468	1
0.501516848	1
0.501669123	1
0.501821506	1
0.501973997	1
0.502126596	1
0.502279303	1
0.502432119	1
0.502585042	1
0.502738074	1
0.502891215	1
0.503044464	1
0.503197822	2
0.503351289	2
0.503504865	2
0.50365855	2
0.503812344	2
0.503966248	2
0.504120261	2
0.504274383	2
0.504428615	2
0.504582957	1
0.504737409	1
0.50489197	1
0.505046642	1
0.505201424	0
0.505356316	0
0.505511319	0
0.505666432	0
0.505821656	0
0.50597699	0
0.506132436	0
0.506287992	0
0.506443659	0
0.506599438	0
0.506755328	0
0.506911329	0
0.507067442	0
0.507223667	0
0.507380003	0
0.507536451	0
0.507693011	0
0.507849683	1
0.508006468	1
0.508163365	1
0.508320374	2
0.508477495	2
0.50863473	3
0.508792077	4
0.508949537	4
0.50910711	4
0.509264796	4
0.509422596	4
0.509580508	4
0.509738534	4
0.509896674	3
0.510054928	3
0.510213295	2
0.510371776	2
0.510530371	2
0.510689081	1
0.510847905	1
0.511006843	1
0.511165895	1
0.511325062	1
0.511484344	2
0.511643741	2
0.511803253	2
0.51196288	3
0.512122622	3
0.512282479	3
0.512442452	4
0.51260254	4
0.512762745	4
0.512923064	3
0.5130835	3
0.513244052	3
0.51340472	2
0.513565504	2
0.513726405	1
0.513887422	1
0.514048556	1
0.514209806	0
0.514371174	0
0.514532658	0
0.51469426	0
0.514855979	0
0.515017815	0
0.515179768	0
0.515341839	0
0.515504028	0
0.515666335	0
0.51582876	0
0.515991302	1
0.516153963	1
0.516316742	1
0.51647964	1
0.516642656	1
0.516805791	1
0.516969045	1
0.517132418	1
0.51729591	1
0.51745952	1
0.517623251	1
0.5177871	1
0.517951069	1
0.518115158	2
0.518279367	2
0.518443695	2
0.518608144	3
0.518772713	3
0.518937402	3
0.519102211	4
0.519267141	4
0.519432192	4
0.519597364	4
0.519762656	4
0.519928069	4
0.520093604	4
0.52025926	3
0.520425037	3
0.520590936	3
0.520756956	3
0.520923099	2
0.521089363	2
0.521255749	2
0.521422258	2
0.521588889	2
0.521755642	2
0.521922518	2
0.522089516	2
0.522256637	2
0.522423881	3
0.522591249	3
0.522758739	3
0.522926353	3
0.52309409	3
0.523261951	3
0.523429936	3
0.523598044	3
0.523766277	3
0.523934633	3
0.524103114	3
0.524271719	3
0.524440449	3
0.524609303	3
0.524778282	3
0.524947386	3
0.525116615	3
0.525285969	3
0.525455448	3
0.525625053	2
0.525794783	2
0.525964639	2
0.526134621	2
0.526304729	1
0.526474962	1
0.526645322	1
0.526815809	2
0.526986422	2
0.527157161	2
0.527328027	3
0.52749902	3
0.52767014	4
0.527841388	5
0.528012762	5
0.528184264	6
0.528355893	7
0.52852765	7
0.528699535	7
0.528871548	7
0.529043689	7
0.529215958	6
0.529388356	6
0.529560882	5
0.529733537	4
0.52990632	4
0.530079232	3
0.530252274	3
0.530425444	2
0.530598744	2
0.530772174	3
0.530945733	3
0.531119421	4
0.53129324	5
0.531467188	6
0.531641267	7
0.531815476	8
0.531989815	9
0.532164285	10
0.532338886	11
0.532513617	12
0.532688479	12
0.532863473	12
0.533038598	11
0.533213854	11
0.533389242	10
0.533564761	8
0.533740412	7
0.533916195	6
0.534092111	5
0.534268158	4
0.534444338	4
0.53462065	3
0.534797095	3
0.534973673	4
0.535150384	4
0.535327228	5
0.535504205	5
0.535681316	5
0.53585856	6
0.536035938	6
0.536213449	5
0.536391095	5
0.536568874	4
0.536746788	4
0.536924836	3
0.537103019	3
0.537281336	2
0.537459788	2
0.537638376	2
0.537817098	2
0.537995955	3
0.538174948	3
0.538354077	4
0.538533341	4
0.538712741	5
0.538892277	5
0.539071949	5
0.539251758	6
0.539431703	6
0.539611784	6
0.539792002	6
0.539972357	6
0.540152849	6
0.540333478	6
0.540514245	5
0.540695149	5
0.540876191	5
0.54105737	4
0.541238687	4
0.541420143	3
0.541601736	2
0.541783468	2
0.541965339	1
0.542147348	1
0.542329496	1
0.542511782	0
0.542694208	0
0.542876774	0
0.543059478	0
0.543242323	0
0.543425307	0
0.543608431	0
0.543791695	0
0.543975099	0
0.544158643	0
0.544342328	0
0.544526154	1
0.54471012	1
0.544894227	1
0.545078476	2
0.545262865	2
0.545447396	2
0.545632069	3
0.545816883	3
0.54600184	4
0.546186938	4
0.546372178	4
0.546557561	4
0.546743087	4
0.546928755	3
0.547114565	3
0.547300519	3
0.547486616	3
0.547672856	3
0.54785924	3
0.548045767	3
0.548232438	3
0.548419253	3
0.548606212	4
0.548793316	4
0.548980563	4
0.549167955	4
0.549355492	4
0.549543174	4
0.549731001	4
0.549918973	4
0.55010709	4
0.550295353	4
0.550483762	4
0.550672316	4
0.550861017	4
0.551049863	4
0.551238856	5
0.551427995	5
0.551617281	6
0.551806714	7
0.551996294	8
0.552186021	8
0.552375895	9
0.552565917	9
0.552756086	9
0.552946403	9
0.553136868	8
0.553327482	7
0.553518243	6
0.553709153	5
0.553900212	4
0.554091419	3
0.554282775	2
0.554474281	1
0.554665935	1
0.554857739	1
0.555049693	0
0.555241797	0
0.55543405	0
0.555626454	0
0.555819007	0
0.556011712	0
0.556204567	1
0.556397572	1
0.556590729	1
0.556784037	2
0.556977496	3
0.557171106	3
0.557364868	4
0.557558782	6
0.557752848	7
0.557947066	8
0.558141437	10
0.55833596	11
0.558530635	12
0.558725464	12
0.558920445	13
0.559115579	13
0.559310867	12
0.559506309	11
0.559701904	10
0.559897653	9
0.560093556	8
0.560289613	7
0.560485825	7
0.560682191	6
0.560878712	6
0.561075387	6
0.561272218	6
0.561469204	7
0.561666346	7
0.561863643	8
0.562061096	9
0.562258705	10
0.56245647	11
0.562654391	12
0.562852469	12
0.563050704	12
0.563249095	12
0.563447643	11
0.563646349	9
0.563845212	8
0.564044233	7
0.564243411	6
0.564442747	5
0.564642241	4
0.564841894	3
0.565041705	3
0.565241675	3
0.565441803	3
0.565642091	3
0.565842537	3
0.566043144	2
0.566243909	2
0.566444834	2
0.56664592	2
0.566847165	1
0.567048571	1
0.567250137	1
0.567451863	1
0.567653751	0
0.5678558	0
0.568058009	0
0.56826038	0
0.568462913	0
0.568665607	0
0.568868464	0
0.569071482	0
0.569274663	0
0.569478006	0
0.569681512	0
0.569885181	0
0.570089013	0
0.570293008	0
0.570497167	0
0.570701489	0
0.570905975	0
0.571110625	0
0.571315439	0
0.571520417	0
0.571725561	1
0.571930868	1
0.572136341	1
0.572341979	1
0.572547782	2
0.572753751	2
0.572959885	2
0.573166186	2
0.573372652	3
0.573579285	3
0.573786084	3
0.57399305	3
0.574200183	3
0.574407482	3
0.574614949	4
0.574822584	5
0.575030386	6
0.575238356	7
0.575446494	9
0.5756548	10
0.575863274	12
0.576071917	13
0.576280729	14
0.57648971	15
0.57669886	15
0.57690818	14
0.577117669	13
0.577327328	12
0.577537157	10
0.577747156	9
0.577957325	7
0.578167665	5
0.578378176	4
0.578588858	3
0.578799711	2
0.579010735	1
0.579221931	1
0.579433299	1
0.579644839	0
0.579856551	0
0.580068435	0
0.580280492	0
0.580492722	0
0.580705124	0
0.5809177	0
0.581130449	0
0.581343372	0
0.581556469	1
0.58176974	1
0.581983185	1
0.582196804	2
0.582410598	2
0.582624567	3
0.58283871	3
0.583053029	4
0.583267524	4
0.583482194	4
0.58369704	4
0.583912062	4
0.584127261	4
0.584342635	4
0.584558187	3
0.584773915	3
0.584989821	3
0.585205904	2
0.585422164	2
0.585638602	2
0.585855219	2
0.586072013	1
0.586288985	1
0.586506137	1
0.586723467	1
0.586940976	1
0.587158664	0
0.587376532	0
0.587594579	0
0.587812806	0
0.588031214	0
0.588249801	0
0.588468569	0
0.588687518	0
0.588906648	0
0.589125959	0
0.589345451	0
0.589565125	0
0.58978498	0
0.590005018	0
0.590225238	0
0.59044564	1
0.590666225	1
0.590886993	2
0.591107944	2
0.591329078	3
0.591550396	4
0.591771897	4
0.591993583	5
0.592215453	6
0.592437507	6
0.592659746	6
0.592882169	6
0.593104778	6
0.593327572	5
0.593550552	5
0.593773717	4
0.593997069	3
0.594220606	3
0.59444433	3
0.594668241	3
0.594892338	3
0.595116623	3
0.595341095	3
0.595565754	4
0.595790601	4
0.596015637	5
0.59624086	6
0.596466272	7
0.596691873	8
0.596917662	9
0.597143641	10
0.597369809	11
0.597596167	11
0.597822714	11
0.598049452	11
0.598276379	11
0.598503498	10
0.598730807	9
0.598958307	9
0.599185998	8
0.599413881	8
0.599641955	8
0.599870222	8
0.60009868	8
0.600327331	8
0.600556174	9
0.60078521	9
0.60101444	10
0.601243862	10
0.601473479	10
0.601703289	10
0.601933293	11
0.602163491	12
0.602393884	13
0.602624471	14
0.602855254	15
0.603086231	16
0.603317404	17
0.603548773	17
0.603780338	16
0.604012099	15
0.604244056	14
0.60447621	12
0.604708561	10
0.604941109	9
0.605173854	7
0.605406797	5
0.605639938	4
0.605873277	4
0.606106814	3
0.60634055	3
0.606574485	3
0.606808618	4
0.607042951	5
0.607277484	6
0.607512216	7
0.607747149	8
0.607982281	10
0.608217615	11
0.608453149	13
0.608688884	14
0.60892482	14
0.609160958	14
0.609397298	14
0.60963384	13
0.609870584	12
0.61010753	10
0.61034468	9
0.610582032	7
0.610819588	6
0.611057347	5
0.61129531	4
0.611533477	3
0.611771849	3
0.612010425	4
0.612249206	5
0.612488191	6
0.612727383	8
0.612966779	9
0.613206382	11
0.61344619	13
0.613686205	14
0.613926427	15
0.614166855	16
0.614407491	16
0.614648334	15
0.614889384	14
0.615130643	13
0.615372109	11
0.615613784	10
0.615855668	8
0.616097761	7
0.616340062	7
0.616582574	6
0.616825295	6
0.617068225	5
0.617311367	5
0.617554718	5
0.617798281	5
0.618042054	5
0.618286039	5
0.618530235	4
0.618774643	4
0.619019263	3
0.619264096	2
0.619509141	2
0.619754399	1
0.619999871	1
0.620245555	1
0.620491454	0
0.620737566	0
0.620983893	0
0.621230434	0
0.62147719	0
0.621724161	0
0.621971347	0
0.622218749	0
0.622466366	0
0.6227142	0
0.62296225	0
0.623210517	0
0.623459001	0
0.623707702	0
0.623956621	0
0.624205758	0
0.624455112	0
0.624704685	0
0.624954476	0
0.625204487	0
0.625454716	0
0.625705165	0
0.625955834	0
0.626206723	0
0.626457832	0
0.626709161	0
0.626960712	0
0.627212483	0
0.627464476	0
0.627716691	0
0.627969127	1
0.628221786	1
0.628474668	2
0.628727772	3
0.628981099	4
0.62923465	6
0.629488425	8
0.629742423	10
0.629996646	13
0.630251093	17
0.630505765	20
0.630760662	23
0.631015785	25
0.631271133	27
0.631526707	28
0.631782508	28
0.632038535	27
0.632294789	25
0.63255127	23
0.632807979	20
0.633064915	18
0.63332208	15
0.633579472	14
0.633837093	13
0.634094944	12
0.634353023	12
0.634611332	13
0.634869871	15
0.63512864	16
0.635387639	17
0.635646869	18
0.63590633	18
0.636166022	18
0.636425946	17
0.636686101	15
0.636946489	13
0.637207109	11
0.637467963	9
0.637729049	7
0.637990368	6
0.638251922	5
0.638513709	4
0.638775731	5
0.639037987	5
0.639300478	7
0.639563204	8
0.639826166	11
0.640089364	13
0.640352798	15
0.640616468	17
0.640880375	19
0.641144519	20
0.641408901	20
0.64167352	19
0.641938377	18
0.642203473	16
0.642468807	14
0.64273438	12
0.643000192	9
0.643266244	7
0.643532536	5
0.643799068	4
0.64406584	3
0.644332853	2
0.644600108	1
0.644867603	1
0.645135341	0
0.645403321	0
0.645671543	0
0.645940007	0
0.646208715	0
0.646477666	0
0.646746861	0
0.6470163	0
0.647285983	0
0.647555911	0
0.647826084	0
0.648096502	0
0.648367165	0
0.648638075	0
0.648909231	0
0.649180633	0
0.649452282	0
0.649724179	0
0.649996323	0
0.650268715	0
0.650541355	0
0.650814244	0
0.651087382	0
0.651360769	0
0.651634405	0
0.651908291	0
0.652182428	0
0.652456815	0
0.652731453	0
0.653006342	0
0.653281482	0
0.653556875	0
0.65383252	0
0.654108417	0
0.654384567	0
0.65466097	1
0.654937627	1
0.655214538	2
0.655491703	2
0.655769123	3
0.656046797	4
0.656324727	5
0.656602913	6
0.656881354	7
0.657160052	8
0.657439006	9
0.657718217	9
0.657997685	9
0.658277412	9
0.658557396	8
0.658837638	7
0.65911814	6
0.6593989	5
0.659679919	4
0.659961199	3
0.660242738	2
0.660524538	2
0.660806599	2
0.661088921	3
0.661371504	4
0.661654349	5
0.661937457	7
0.662220827	10
0.66250446	13
0.662788356	17
0.663072516	21
0.663356939	24
0.663641627	28
0.66392658	30
0.664211798	32
0.664497281	32
0.66478303	32
0.665069045	31
0.665355327	29
0.665641875	28
0.665928691	27
0.666215774	27
0.666503126	27
0.666790745	28
0.667078633	29
0.667366791	30
0.667655217	30
0.667943914	30
0.66823288	29
0.668522117	26
0.668811625	24
0.669101404	21
0.669391455	17
0.669681778	14
0.669972373	11
0.670263241	9
0.670554382	7
0.670845796	6
0.671137485	6
0.671429447	6
0.671721684	7
0.672014197	9
0.672306984	11
0.672600047	14
0.672893387	17
0.673187002	21
0.673480895	24
0.673775065	27
0.674069513	30
0.674364238	33
0.674659242	34
0.674954525	35
0.675250087	35
0.675545929	34
0.67584205	32
0.676138452	29
0.676435134	26
0.676732098	24
0.677029343	21
0.67732687	19
0.677624679	17
0.677922771	16
0.678221146	15
0.678519804	14
0.678818746	14
0.679117973	13
0.679417484	13
0.67971728	12
0.680017362	12
0.680317729	12
0.680618382	11
0.680919322	12
0.68122055	12
0.681522064	13
0.681823866	14
0.682125957	15
0.682428336	16
0.682731004	17
0.683033962	17
0.683337209	16
0.683640747	15
0.683944575	14
0.684248694	12
0.684553105	10
0.684857807	9
0.685162802	7
0.68546809	5
0.68577367	4
0.686079544	3
0.686385712	2
0.686692174	1
0.686998931	1
0.687305983	1
0.687613331	0
0.687920974	0
0.688228914	0
0.688537151	0
0.688845685	0
0.689154517	0
0.689463646	0
0.689773075	0
0.690082802	0
0.690392828	0
0.690703154	0
0.69101378	0
0.691324707	0
0.691635935	0
0.691947464	0
0.692259295	1
0.692571429	1
0.692883865	2
0.693196604	3
0.693509647	4
0.693822994	5
0.694136645	7
0.694450602	9
0.694764863	12
0.69507943	14
0.695394304	16
0.695709484	18
0.696024971	19
0.696340766	20
0.696656868	20
0.696973279	18
0.697289999	17
0.697607027	15
0.697924366	13
0.698242015	11
0.698559974	9
0.698878244	8
0.699196826	7
0.699515719	7
0.699834925	7
0.700154444	8
0.700474276	9
0.700794422	11
0.701114882	12
0.701435656	14
0.701756746	16
0.702078151	18
0.702399871	20
0.702721909	21
0.703044263	23
0.703366934	25
0.703689924	26
0.704013231	26
0.704336857	26
0.704660803	25
0.704985068	25
0.705309652	24
0.705634558	23
0.705959784	22
0.706285332	21
0.706611202	21
0.706937395	21
0.70726391	21
0.707590748	20
0.70791791	20
0.708245397	19
0.708573208	17
0.708901345	16
0.709229807	14
0.709558595	13
0.70988771	12
0.710217152	12
0.710546921	12
0.710877019	13
0.711207445	14
0.7115382	16
0.711869284	17
0.712200699	18
0.712532444	19
0.71286452	19
0.713196927	18
0.713529666	17
0.713862738	15
0.714196142	12
0.71452988	10
0.714863952	8
0.715198358	6
0.715533098	4
0.715868174	3
0.716203586	2
0.716539334	2
0.716875419	1
0.717211842	1
0.717548602	2
0.7178857	2
0.718223137	3
0.718560913	4
0.718899029	5
0.719237486	7
0.719576283	8
0.719915421	10
0.720254901	11
0.720594724	12
0.720934889	13
0.721275397	13
0.72161625	12
0.721957446	11
0.722298988	10
0.722640875	9
0.722983107	7
0.723325686	6
0.723668612	4
0.724011885	3
0.724355506	2
0.724699476	1
0.725043794	1
0.725388462	1
0.72573348	0
0.726078848	0
0.726424568	0
0.726770638	0
0.727117061	0
0.727463837	0
0.727810965	0
0.728158448	0
0.728506284	0
0.728854475	0
0.729203022	0
0.729551924	0
0.729901182	0
0.730250797	0
0.73060077	0
0.7309511	0
0.731301789	0
0.731652837	0
0.732004244	0
0.732356011	0
0.732708139	0
0.733060628	0
0.733413479	0
0.733766692	0
0.734120267	0
0.734474206	0
0.734828509	0
0.735183176	0
0.735538208	0
0.735893606	0
0.73624937	0
0.7366055	0
0.736961997	0
0.737318863	0
0.737676096	0
0.738033698	0
0.73839167	0
0.738750011	0
0.739108723	0
0.739467806	0
0.739827261	0
0.740187088	0
0.740547288	0
0.740907861	0
0.741268808	0
0.741630129	0
0.741991825	0
0.742353897	1
0.742716346	1
0.74307917	2
0.743442373	3
0.743805953	5
0.744169911	7
0.744534249	10
0.744898966	14
0.745264064	18
0.745629542	23
0.745995401	28
0.746361643	33
0.746728267	37
0.747095274	40
0.747462665	41
0.747830441	41
0.748198601	39
0.748567146	36
0.748936078	32
0.749305397	27
0.749675102	22
0.750045196	17
0.750415678	13
0.750786549	9
0.751157809	6
0.75152946	4
0.751901502	3
0.752273936	2
0.752646761	1
0.753019979	1
0.75339359	0
0.753767595	0
0.754141995	0
0.75451679	0
0.754891981	0
0.755267567	0
0.755643551	0
0.756019933	0
0.756396712	0
0.756773891	0
0.757151468	0
0.757529446	0
0.757907825	0
0.758286605	0
0.758665786	0
0.759045371	0
0.759425358	0
0.759805749	0
0.760186545	0
0.760567746	0
0.760949352	0
0.761331365	0
0.761713785	0
0.762096612	0
0.762479848	0
0.762863492	0
0.763247546	1
0.76363201	1
0.764016885	2
0.764402172	3
0.76478787	4
0.765173981	6
0.765560506	8
0.765947445	11
0.766334798	13
0.766722567	16
0.767110752	19
0.767499353	22
0.767888372	25
0.768277808	27
0.768667664	29
0.769057938	31
0.769448633	31
0.769839748	32
0.770231285	31
0.770623243	31
0.771015624	29
0.771408428	28
0.771801657	26
0.77219531	24
0.772589388	22
0.772983892	21
0.773378823	19
0.773774181	19
0.774169968	18
0.774566183	18
0.774962827	18
0.775359901	18
0.775757407	19
0.776155343	21
0.776553712	24
0.776952514	27
0.777351749	32
0.777751418	38
0.778151522	45
0.778552062	51
0.778953038	57
0.779354451	62
0.779756302	66
0.780158591	67
0.78056132	66
0.780964488	62
0.781368096	57
0.781772146	51
0.782176638	44
0.782581572	37
0.78298695	30
0.783392772	24
0.783799039	18
0.784205751	14
0.784612909	10
0.785020514	7
0.785428567	5
0.785837069	4
0.786246019	2
0.786655419	2
0.78706527	1
0.787475572	1
0.787886326	0
0.788297533	0
0.788709193	0
0.789121308	0
0.789533877	0
0.789946903	0
0.790360384	0
0.790774323	0
0.79118872	0
0.791603576	0
0.79201889	0
0.792434665	0
0.792850901	0
0.793267599	0
0.793684759	0
0.794102382	0
0.79452047	0
0.794939022	1
0.795358039	1
0.795777522	2
0.796197473	3
0.796617891	5
0.797038778	7
0.797460134	10
0.79788196	14
0.798304257	18
0.798727026	23
0.799150267	29
0.799573981	34
0.799998169	39
0.800422832	42
0.80084797	44
0.801273585	44
0.801699676	43
0.802126246	40
0.802553294	36
0.802980821	31
0.803408829	26
0.803837318	21
0.804266289	16
0.804695742	13
0.805125678	10
0.805556099	8
0.805987005	8
0.806418397	8
0.806850275	8
0.807282641	10
0.807715495	11
0.808148838	13
0.808582671	16
0.809016994	19
0.809451809	23
0.809887117	28
0.810322918	34
0.810759212	40
0.811196001	48
0.811633286	56
0.812071068	65
0.812509347	74
0.812948123	84
0.813387399	93
0.813827175	102
0.814267451	109
0.814708229	116
0.815149509	120
0.815591292	122
0.816033579	120
0.816476371	116
0.816919668	108
0.817363473	98
0.817807784	86
0.818252604	73
0.818697933	60
0.819143772	47
0.819590122	36
0.820036983	27
0.820484357	20
0.820932244	15
0.821380646	12
0.821829563	11
0.822278996	12
0.822728945	14
0.823179413	18
0.823630399	22
0.824081905	27
0.824533931	32
0.824986479	37
0.825439548	41
0.825893141	43
0.826347258	44
0.826801899	43
0.827257067	41
0.827712761	37
0.828168982	32
0.828625732	27
0.829083012	22
0.829540821	17
0.829999162	13
0.830458035	9
0.830917441	7
0.831377381	5
0.831837855	5
0.832298866	6
0.832760413	7
0.833222497	10
0.83368512	14
0.834148283	19
0.834611986	26
0.83507623	34
0.835541016	42
0.836006346	50
0.836472219	57
0.836938638	63
0.837405603	66
0.837873114	67
0.838341174	66
0.838809782	62
0.83927894	56
0.839748648	49
0.840218908	41
0.840689721	33
0.841161088	25
0.841633009	19
0.842105485	13
0.842578518	9
0.843052108	6
0.843526257	4
0.844000965	2
0.844476234	1
0.844952063	1
0.845428455	0
0.845905411	0
0.84638293	0
0.846861015	0
0.847339666	0
0.847818884	0
0.848298671	0
0.848779027	0
0.849259952	0
0.84974145	0
0.850223519	0
0.850706161	0
0.851189378	0
0.85167317	0
0.852157538	0
0.852642484	0
0.853128007	0
0.85361411	0
0.854100793	0
0.854588058	0
0.855075905	0
0.855564335	0
0.85605335	0
0.85654295	0
0.857033137	0
0.857523911	0
0.858015274	0
0.858507226	0
0.858999769	0
0.859492903	0
0.859986631	0
0.860480952	0
0.860975868	0
0.86147138	0
0.861967488	0
0.862464195	0
0.862961501	0
0.863459407	0
0.863957915	0
0.864457024	0
0.864956737	0
0.865457054	0
0.865957977	0
0.866459507	0
0.866961644	0
0.86746439	0
0.867967746	0
0.868471713	1
0.868976292	1
0.869481484	2
0.86998729	3
0.870493712	5
0.87100075	7
0.871508406	10
0.87201668	14
0.872525575	19
0.87303509	24
0.873545227	30
0.874055987	35
0.874567372	41
0.875079382	45
0.875592019	49
0.876105283	51
0.876619176	52
0.877133699	51
0.877648853	51
0.87816464	50
0.878681059	49
0.879198114	50
0.879715804	51
0.880234131	52
0.880753095	54
0.881272699	55
0.881792944	55
0.882313829	54
0.882835358	52
0.88335753	48
0.883880348	44
0.884403811	40
0.884927922	36
0.885452681	34
0.88597809	34
0.88650415	38
0.887030863	45
0.887558228	55
0.888086248	70
0.888614924	87
0.889144256	106
0.889674247	125
0.890204897	143
0.890736208	157
0.89126818	167
0.891800816	170
0.892334115	168
0.89286808	160
0.893402712	147
0.893938011	133
0.89447398	118
0.895010619	105
0.89554793	96
0.896085913	92
0.896624571	94
0.897163903	101
0.897703913	111
0.8982446	124
0.898785967	137
0.899328013	148
0.899870742	155
0.900414153	158
0.900958248	155
0.901503029	145
0.902048497	132
0.902594652	116
0.903141497	97
0.903689033	79
0.90423726	61
0.90478618	46
0.905335795	33
0.905886106	23
0.906437114	16
0.90698882	11
0.907541225	9
0.908094332	8
0.908648141	9
0.909202654	11
0.909757871	14
0.910313795	19
0.910870426	24
0.911427767	30
0.911985817	36
0.912544579	42
0.913104055	48
0.913664244	53
0.914225149	57
0.914786771	62
0.915349111	66
0.915912172	71
0.916475953	76
0.917040456	83
0.917605684	89
0.918171636	96
0.918738316	102
0.919305723	107
0.919873859	109
0.920442726	108
0.921012326	105
0.921582658	98
0.922153726	90
0.92272553	80
0.923298072	70
0.923871352	61
0.924445374	54
0.925020137	48
0.925595644	44
0.926171895	42
0.926748893	41
0.927326638	40
0.927905132	39
0.928484377	38
0.929064374	36
0.929645124	34
0.930226629	31
0.93080889	28
0.93139191	25
0.931975688	23
0.932560227	21
0.933145528	21
0.933731593	21
0.934318423	23
0.934906019	24
0.935494384	25
0.936083518	26
0.936673423	27
0.937264101	26
0.937855553	25
0.93844778	23
0.939040784	20
0.939634567	17
0.94022913	14
0.940824474	11
0.941420602	8
0.942017514	6
0.942615213	4
0.943213699	3
0.943812974	2
0.94441304	1
0.945013899	1
0.945615551	0
0.946217999	0
0.946821243	0
0.947425287	0
0.94803013	0
0.948635775	0
0.949242223	0
0.949849477	0
0.950457536	0
0.951066404	0
0.951676081	0
0.952286569	0
0.95289787	0
0.953509986	0
0.954122917	0
0.954736666	0
0.955351235	0
0.955966624	0
0.956582836	0
0.957199872	0
0.957817733	0
0.958436422	0
0.95905594	0
0.959676289	0
0.960297469	0
0.960919484	0
0.961542335	0
0.962166023	0
0.962790549	0
0.963415917	0
0.964042126	0
0.96466918	0
0.96529708	0
0.965925826	0
0.966555422	0
0.967185869	0
0.967817168	0
0.968449321	0
0.96908233	0
0.969716197	0
0.970350923	0
0.97098651	0
0.97162296	0
0.972260274	0
0.972898455	0
0.973537504	0
0.974177422	0
0.974818212	0
0.975459875	0
0.976102414	0
0.976745829	0
0.977390123	0
0.978035297	0
0.978681353	0
0.979328293	1
0.979976119	1
0.980624833	2
0.981274435	3
0.981924929	5
0.982576316	6
0.983228598	9
0.983881776	12
0.984535853	15
0.98519083	18
0.985846709	21
0.986503492	24
0.987161181	26
0.987819777	27
0.988479283	28
0.9891397	27
0.989801031	25
0.990463276	23
0.991126439	21
0.99179052	18
0.992455523	16
0.993121448	16
0.993788297	17
0.994456073	20
0.995124777	25
0.995794412	34
0.996464978	45
0.997136479	58
0.997808916	74
0.998482291	91
0.999156606	108
0.999831862	124
1.000508063	136
1.001185209	144
1.001863303	147
1.002542347	144
1.003222342	136
1.003903291	124
1.004585196	108
1.005268058	91
1.00595188	74
1.006636664	57
1.007322411	43
1.008009124	31
1.008696805	22
1.009385455	14
1.010075078	9
1.010765673	6
1.011457245	3
1.012149795	2
1.012843324	1
1.013537835	1
1.014233331	0
1.014929812	0
1.015627282	0
1.016325742	0
1.017025194	0
1.017725641	0
1.018427085	0
1.019129526	0
1.019832969	0
1.020537415	0
1.021242865	0
1.021949323	0
1.02265679	0
1.023365268	0
1.02407476	0
1.024785267	0
1.025496793	0
1.026209338	0
1.026922906	0
1.027637498	0
1.028353116	0
1.029069763	0
1.029787442	0
1.030506153	1
1.031225899	1
1.031946684	2
1.032668508	4
1.033391374	6
1.034115284	10
1.034840241	15
1.035566246	22
1.036293302	31
1.037021412	43
1.037750577	57
1.0384808	73
1.039212083	91
1.039944429	110
1.040677839	128
1.041412315	145
1.042147862	159
1.042884479	168
1.043622171	173
1.044360939	173
1.045100785	168
1.045841712	157
1.046583723	143
1.047326819	127
1.048071002	109
1.048816277	90
1.049562643	72
1.050310105	56
1.051058665	42
1.051808324	31
1.052559085	22
1.053310951	15
1.054063924	10
1.054818007	6
1.055573201	4
1.05632951	2
1.057086935	1
1.05784548	1
1.058605147	0
1.059365937	0
1.060127854	0
1.060890901	0
1.061655079	0
1.062420391	0
1.063186839	0
1.063954427	0
1.064723156	0
1.06549303	0
1.06626405	0
1.067036219	0
1.06780954	0
1.068584015	0
1.069359647	0
1.070136439	0
1.070914392	0
1.071693511	0
1.072473796	0
1.073255251	0
1.074037879	0
1.074821681	0
1.075606661	0
1.076392821	0
1.077180165	0
1.077968693	0
1.07875841	0
1.079549318	0
1.08034142	0
1.081134717	0
1.081929213	0
1.082724911	0
1.083521814	0
1.084319923	0
1.085119242	0
1.085919773	0
1.08672152	0
1.087524484	0
1.088328669	0
1.089134078	0
1.089940712	0
1.090748576	0
1.091557671	0
1.092368001	0
1.093179568	0
1.093992376	0
1.094806426	0
1.095621722	0
1.096438267	0
1.097256063	0
1.098075114	0
1.098895421	0
1.099716989	0
1.10053982	0
1.101363916	0
1.102189281	0
1.103015918	0
1.10384383	0
1.104673018	0
1.105503488	1
1.10633524	1
1.107168279	2
1.108002607	3
1.108838227	5
1.109675142	8
1.110513356	12
1.111352871	17
1.11219369	24
1.113035816	31
1.113879252	40
1.114724001	49
1.115570067	58
1.116417452	66
1.117266159	73
1.118116192	77
1.118967554	80
1.119820247	80
1.120674275	79
1.12152964	77
1.122386347	76
1.123244397	76
1.124103795	79
1.124964543	86
1.125826645	96
1.126690103	109
1.127554921	125
1.128421103	141
1.12928865	156
1.130157567	168
1.131027857	175
1.131899522	176
1.132772567	171
1.133646994	160
1.134522807	145
1.135400008	126
1.136278602	106
1.137158591	87
1.138039979	69
1.138922769	54
1.139806964	44
1.140692569	38
1.141579585	38
1.142468016	43
1.143357867	55
1.144249139	73
1.145141837	96
1.146035964	126
1.146931524	159
1.147828519	194
1.148726953	228
1.14962683	259
1.150528152	283
1.151430925	298
1.15233515	302
1.153240832	296
1.154147974	278
1.155056579	253
1.155966651	221
1.156878194	186
1.15779121	152
1.158705705	121
1.15962168	94
1.16053914	72
1.161458089	57
1.162378529	48
1.163300465	45
1.1642239	46
1.165148837	52
1.166075281	60
1.167003236	69
1.167932703	78
1.168863688	86
1.169796195	92
1.170730226	95
1.171665785	94
1.172602877	90
1.173541504	83
1.174481672	74
1.175423382	64
1.17636664	52
1.177311449	42
1.178257813	32
1.179205736	24
1.18015522	17
1.181106271	11
1.182058893	8
1.183013088	5
1.183968861	3
1.184926216	2
1.185885156	2
1.186845686	2
1.18780781	2
1.18877153	3
1.189736853	5
1.19070378	8
1.191672317	13
1.192642467	19
1.193614234	28
1.194587623	38
1.195562637	52
1.196539281	68
1.197517557	88
1.198497472	109
1.199479028	133
1.200462229	157
1.201447081	181
1.202433586	203
1.20342175	224
1.204411575	242
1.205403067	256
1.20639623	268
1.207391067	276
1.208387583	281
1.209385783	286
1.210385669	289
1.211387248	291
1.212390522	292
1.213395497	291
1.214402176	288
1.215410564	280
1.216420665	269
1.217432483	252
1.218446023	231
1.21946129	206
1.220478287	178
1.221497019	149
1.22251749	121
1.223539705	95
1.224563668	72
1.225589384	53
1.226616857	38
1.227646092	26
1.228677093	17
1.229709865	11
1.230744411	7
1.231780738	4
1.232818849	2
1.233858748	1
1.234900442	1
1.235943933	0
1.236989227	0
1.238036328	0
1.239085241	0
1.240135971	0
1.241188522	0
1.2422429	0
1.243299108	0
1.244357152	0
1.245417036	0
1.246478765	0
1.247542344	0
1.248607777	0
1.24967507	0
1.250744228	0
1.251815254	0
1.252888155	0
1.253962934	0
1.255039597	0
1.256118149	0
1.257198595	0
1.258280939	0
1.259365187	0
1.260451344	0
1.261539414	0
1.262629403	0
1.263721316	0
1.264815157	0
1.265910932	0
1.267008646	0
1.268108304	0
1.269209912	0
1.270313473	0
1.271418994	0
1.27252648	0
1.273635936	0
1.274747367	0
1.275860778	0
1.276976175	0
1.278093562	0
1.279212946	0
1.280334332	0
1.281457724	0
1.282583128	0
1.28371055	0
1.284839995	0
1.285971469	0
1.287104976	0
1.288240523	0
1.289378114	0
1.290517756	0
1.291659453	0
1.292803211	0
1.293949037	0
1.295096935	0
1.29624691	0
1.29739897	0
1.298553118	0
1.299709362	0
1.300867706	0
1.302028156	0
1.303190719	0
1.304355399	0
1.305522202	0
1.306691135	0
1.307862202	0
1.309035411	0
1.310210766	0
1.311388274	0
1.31256794	0
1.31374977	0
1.314933771	0
1.316119948	0
1.317308307	0
1.318498854	0
1.319691595	0
1.320886537	0
1.322083685	0
1.323283045	0
1.324484623	0
1.325688426	0
1.32689446	2
1.32810273	3
1.329313244	5
1.330526007	10
1.331741025	16
1.332958305	26
1.334177853	41
1.335399675	63
1.336623779	91
1.337850169	129
1.339078852	174
1.340309835	228
1.341543125	287
1.342778727	349
1.344016648	409
1.345256895	462
1.346499474	503
1.347744392	528
1.348991655	534
1.35024127	521
1.351493243	489
1.352747582	443
1.354004292	387
1.35526338	326
1.356524854	265
1.35778872	207
1.359054985	156
1.360323655	114
1.361594737	80
1.362868239	54
1.364144166	35
1.365422527	22
1.366703327	13
1.367986574	8
1.369272275	4
1.370560437	2
1.371851066	1
1.373144171	0
1.374439757	0
1.375737833	0
1.377038405	0
1.37834148	0
1.379647065	0
1.380955169	0
1.382265797	0
1.383578958	0
1.384894658	3
1.386212906	5
1.387533707	9
1.388857071	16
1.390183003	26
1.391511512	42
1.392842606	65
1.39417629	97
1.395512574	140
1.396851464	195
1.398192969	261
1.399537095	338
1.400883851	423
1.402233244	510
1.403585282	594
1.404939973	668
1.406297324	728
1.407657343	769
1.409020039	790
1.410385418	792
1.411753489	781
1.41312426	763
1.414497738	744
1.415873932	730
1.41725285	726
1.418634499	731
1.420018889	745
1.421406026	762
1.422795919	775
1.424188577	778
1.425584007	766
1.426982217	735
1.428383217	685
1.429787014	619
1.431193616	540
1.432603033	456
1.434015272	372
1.435430341	292
1.436848251	221
1.438269007	162
1.439692621	114
1.441119099	78
1.442548451	51
1.443980685	32
1.44541581	20
1.446853834	12
1.448294767	7
1.449738617	4
1.451185393	2
1.452635104	0
1.454087758	0
1.455543365	0
1.457001934	0
1.458463473	0
1.459927992	0
1.4613955	0
1.462866006	0
1.464339518	0
1.465816047	0
1.467295601	0
1.468778189	0
1.470263822	0
1.471752508	0
1.473244256	0
1.474739077	0
1.476236979	0
1.477737972	0
1.479242066	0
1.48074927	0
1.482259593	0
1.483773046	0
1.485289638	0
1.486809379	0
1.488332278	0
1.489858346	0
1.491387592	0
1.492920026	0
1.494455658	0
1.495994498	0
1.497536556	0
1.499081842	0
1.500630366	0
1.502182139	0
1.50373717	0
1.50529547	0
1.506857048	0
1.508421916	0
1.509990084	0
1.511561562	0
1.51313636	0
1.514714489	0
1.51629596	0
1.517880783	0
1.519468968	0
1.521060527	2
1.52265547	3
1.524253808	6
1.525855551	10
1.527460711	17
1.529069298	28
1.530681323	44
1.532296798	66
1.533915733	96
1.535538139	135
1.537164028	183
1.538793411	240
1.540426298	303
1.542062702	370
1.543702633	436
1.545346103	496
1.546993124	545
1.548643706	578
1.550297861	594
1.551955601	590
1.553616938	568
1.555281882	529
1.556950447	479
1.558622643	420
1.560298482	359
1.561977977	299
1.563661139	242
1.56534798	192
1.567038512	148
1.568732747	112
1.570430698	83
1.572132376	61
1.573837794	43
1.575546964	30
1.577259899	20
1.57897661	13
1.580697111	9
1.582421413	5
1.58414953	3
1.585881474	2
1.587617257	1
1.589356893	1
1.591100394	0
1.592847772	0
1.594599042	0
1.596354215	0
1.598113305	0
1.599876325	0
1.601643289	0
1.603414208	0
1.605189097	0
1.606967968	0
1.608750836	0
1.610537713	0
1.612328614	0
1.61412355	0
1.615922537	0
1.617725588	0
1.619532717	0
1.621343937	0
1.623159262	0
1.624978706	0
1.626802283	0
1.628630008	0
1.630461894	0
1.632297955	0
1.634138206	0
1.635982661	0
1.637831334	0
1.63968424	0
1.641541393	0
1.643402808	0
1.645268499	0
1.647138482	0
1.64901277	0
1.65089138	0
1.652774324	0
1.65466162	0
1.656553281	0
1.658449323	0
1.660349761	0
1.662254609	0
1.664163885	0
1.666077602	0
1.667995777	0
1.669918424	0
1.67184556	0
1.6737772	0
1.67571336	0
1.677654055	0
1.679599303	0
1.681549117	0
1.683503516	0
1.685462514	0
1.687426128	0
1.689394374	0
1.691367269	0
1.693344828	0
1.69532707	0
1.697314009	0
1.699305663	0
1.701302048	0
1.703303182	0
1.705309081	0
1.707319762	0
1.709335242	0
1.711355538	0
1.713380669	0
1.715410649	0
1.717445499	0
1.719485234	0
1.721529872	0
1.723579431	0
1.725633929	0
1.727693383	0
1.729757811	0
1.731827232	0
1.733901663	0
1.735981123	0
1.738065629	0
1.740155201	0
1.742249856	0
1.744349613	0
1.746454491	0
1.748564508	0
1.750679683	0
1.752800035	0
1.754925583	0
1.757056346	0
1.759192343	0
1.761333594	0
1.763480117	0
1.765631932	0
1.767789059	0
1.769951517	0
1.772119327	0
1.774292507	0
1.776471077	0
1.778655059	0
1.780844471	0
1.783039335	0
1.78523967	0
1.787445497	0
1.789656836	0
1.791873708	0
1.794096133	0
1.796324134	0
1.798557729	0
1.800796941	1
1.803041791	3
1.805292299	5
1.807548488	9
1.809810378	15
1.812077992	24
1.814351351	37
1.816630476	55
1.81891539	81
1.821206114	113
1.823502671	154
1.825805083	201
1.828113373	254
1.830427562	309
1.832747673	364
1.83507373	414
1.837405754	454
1.839743769	480
1.842087798	491
1.844437864	484
1.84679399	461
1.8491562	423
1.851524517	375
1.853898965	321
1.856279567	266
1.858666347	212
1.861059331	163
1.86345854	121
1.865864001	87
1.868275737	60
1.870693772	40
1.873118132	26
1.875548841	16
1.877985924	10
1.880429407	6
1.882879313	3
1.885335669	2
1.8877985	0
1.890267831	0
1.892743689	0
1.895226099	0
1.897715086	0
1.900210678	0
1.9027129	0
1.905221779	0
1.907737341	0
1.910259613	0
1.912788622	0
1.915324394	0
1.917866957	0
1.920416338	0
1.922972564	0
1.925535664	0
1.928105663	0
1.930682592	0
1.933266476	0
1.935857345	0
1.938455227	0
1.94106015	0
1.943672143	0
1.946291234	0
1.948917453	0
1.951550828	0
1.954191388	7
1.956839164	14
1.959494185	25
1.962156479	44
1.964826078	74
1.967503011	120
1.970187308	188
1.972879	284
1.975578117	415
1.97828469	585
1.980998749	797
1.983720326	1048
1.986449452	1331
1.989186159	1631
1.991930477	1930
1.994682439	2206
1.997442076	2434
2.000209421	2593
2.002984505	2667
2.005767362	2649
2.008558023	2540
2.011356522	2352
2.014162892	2103
2.016977165	1815
2.019799375	1513
2.022629556	1217
2.025467741	946
2.028313964	710
2.03116826	514
2.034030663	359
2.036901206	243
2.039779925	158
2.042666856	100
2.045562031	61
2.048465488	36
2.051377262	20
2.054297388	11
2.057225902	6
2.06016284	0
2.063108239	0
2.066062135	0
2.069024565	0
2.071995566	0
2.074975174	0
2.077963428	0
2.080960365	0
2.083966023	0
2.086980439	0
2.090003652	0
2.093035701	0
2.096076624	0
2.099126459	0
2.102185248	0
2.105253027	0
2.108329838	0
2.11141572	0
2.114510713	0
2.117614858	0
2.120728194	0
2.123850763	0
2.126982606	0
2.130123765	0
2.133274279	0
2.136434193	0
2.139603546	0
2.142782382	0
2.145970744	0
2.149168673	0
2.152376214	0
2.155593408	0
2.158820301	0
2.162056935	0
2.165303355	0
2.168559605	0
2.17182573	0
2.175101775	0
2.178387784	0
2.181683803	0
2.184989878	0
2.188306055	0
2.191632381	0
2.1949689	0
2.198315662	0
2.201672712	0
2.205040098	0
2.208417868	0
2.21180607	0
2.215204751	0
2.218613962	0
2.22203375	0
2.225464164	0
2.228905255	0
2.232357072	0
2.235819666	0
2.239293085	2
2.242777382	3
2.246272608	6
2.249778813	10
2.25329605	16
2.256824371	26
2.260363827	40
2.263914472	60
2.267476359	87
2.271049541	121
2.274634071	165
2.278230004	216
2.281837394	273
2.285456296	335
2.289086765	396
2.292728857	454
2.296382626	503
2.30004813	541
2.303725425	565
2.307414567	574
2.311115615	568
2.314828624	549
2.318553655	521
2.322290764	487
2.32604001	450
2.329801454	415
2.333575153	382
2.337361169	352
2.341159561	326
2.34497039	307
2.348793717	295
2.352629603	294
2.356478111	306
2.360339303	336
2.364213241	387
2.368099988	463
2.371999609	564
2.375912166	688
2.379837725	830
2.383776349	983
2.387728105	1134
2.391693058	1270
2.395671274	1378
2.39966282	1447
2.403667762	1469
2.407686168	1443
2.411718106	1369
2.415763644	1255
2.419822852	1111
2.423895797	951
2.427982551	786
2.432083182	628
2.436197763	485
2.440326364	361
2.444469056	260
2.448625913	181
2.452797006	122
2.456982408	79
2.461182194	50
2.465396438	30
2.469625213	18
2.473868596	10
2.478126661	5
2.482399486	3
2.486687147	0
2.49098972	0
2.495307285	0
2.499639919	0
2.503987701	0
2.508350711	0
2.512729028	0
2.517122734	0
2.521531909	0
2.525956635	0
2.530396994	0
2.53485307	0
2.539324945	0
2.543812704	0
2.548316431	0
2.552836212	0
2.557372132	0
2.561924278	0
2.566492737	0
2.571077596	0
2.575678945	0
2.580296871	0
2.584931466	0
2.589582817	0
2.594251018	0
2.598936159	0
2.603638332	0
2.608357631	0
2.613094149	0
2.61784798	0
2.622619219	0
2.627407963	0
2.632214306	0
2.637038347	0
2.641880183	0
2.646739912	0
2.651617634	0
2.656513449	0
2.661427457	0
2.666359761	0
2.671310461	0
2.676279661	0
2.681267465	0
2.686273978	0
2.691299304	0
2.69634355	0
2.701406822	0
2.706489229	0
2.711590879	0
2.71671188	0
2.721852344	0
2.727012381	0
2.732192104	0
2.737391624	0
2.742611056	0
2.747850513	0
2.753110112	0
2.758389968	0
2.763690199	0
2.769010922	0
2.774352256	0
2.779714321	0
2.785097239	0
2.79050113	0
2.795926117	0
2.801372325	0
2.806839877	0
2.812328899	0
2.817839517	0
2.82337186	0
2.828926055	0
2.834502233	0
2.840100523	0
2.845721058	0
2.85136397	0
2.857029393	0
2.862717461	0
2.868428311	0
2.87416208	0
2.879918905	0
2.885698926	0
2.891502282	0
2.897329117	0
2.903179571	0
2.909053789	0
2.914951916	0
2.920874097	0
2.92682048	0
2.932791214	0
2.938786448	0
2.944806333	0
2.950851022	0
2.956920667	0
2.963015423	0
2.969135447	0
2.975280895	0
2.981451927	0
2.987648702	0
2.993871381	0
3.000120127	0
3.006395103	0
3.012696476	0
3.019024412	0
3.025379079	0
3.031760646	0
3.038169285	0
3.044605168	0
3.051068468	0
3.057559362	0
3.064078026	0
3.070624638	0
3.077199379	0
3.083802429	0
3.090433973	0
3.097094194	0
3.103783278	0
3.110501415	0
3.117248792	0
3.124025602	0
3.130832036	0
3.13766829	0
3.14453456	0
3.151431043	0
3.158357939	0
3.16531545	0
3.172303779	0
3.17932313	0
3.186373711	0
3.19345573	0
3.200569398	0
3.207714927	0
3.214892532	0
3.222102428	0
3.229344834	0
3.23661997	0
3.243928059	0
3.251269324	0
3.258643991	0
3.266052289	0
3.273494449	0
3.280970702	0
3.288481283	0
3.296026429	0
3.30360638	0
3.311221375	0
3.318871659	0
3.326557476	0
3.334279076	0
3.342036708	0
3.349830624	0
3.357661081	0
3.365528334	0
3.373432644	0
3.381374273	0
3.389353485	0
3.397370548	0
3.405425732	0
3.413519308	0
3.421651552	0
3.429822742	0
3.438033156	0
3.446283079	0
3.454572796	0
3.462902595	0
3.471272767	0
3.479683607	0
3.488135411	0
3.496628479	0
3.505163113	0
3.513739619	0
3.522358307	0
3.531019487	0
3.539723474	0
3.548470586	0
3.557261145	0
3.566095474	0
3.574973901	0
3.583896757	0
3.592864375	0
3.601877093	0
3.610935252	0
3.620039197	0
3.629189274	0
3.638385835	0
3.647629235	0
3.656919833	0
3.66625799	0
3.675644073	0
3.685078451	0
3.694561497	0
3.704093588	0
3.713675107	0
3.723306438	0
3.73298797	0
3.742720096	0
3.752503214	0
3.762337725	0
3.772224035	0
3.782162554	0
3.792153697	0
3.802197882	0
3.812295532	0
3.822447075	0
3.832652943	0
3.842913574	0
3.853229408	0
3.863600893	0
3.874028479	0
3.884512623	0
3.895053786	0
3.905652433	0
3.916309036	0
3.927024072	0
3.937798022	0
3.948631372	0
3.959524615	0
3.970478249	0
3.981492777	0
3.992568709	0
4.003706557	0
4.014906843	0
4.026170094	0
4.03749684	0
4.04888762	0
4.060342979	0
4.071863466	0
4.083449639	0
4.09510206	0
4.106821299	0
4.118607931	0
4.130462541	0
4.142385716	0
4.154378053	0
4.166440156	0
4.178572634	0
4.190776104	0
4.203051193	0
4.21539853	0
4.227818756	0
4.240312518	0
4.25288047	0
4.265523274	0
4.278241602	0
4.291036131	0
4.303907547	0
4.316856547	0
4.329883832	0
4.342990114	0
4.356176114	0
4.369442561	0
4.382790193	0
4.396219757	0
4.409732009	8
4.423327715	16
4.437007651	28
4.4507726	49
4.464623357	82
4.478560727	133
4.492585525	209
4.506698574	318
4.520900711	467
4.535192781	664
4.549575641	913
4.564050158	1215
4.57861721	1565
4.593277687	1949
4.608032491	2349
4.622882534	2738
4.637828741	3088
4.652872049	3369
4.668013406	3555
4.683253774	3630
4.698594126	3586
4.71403545	3426
4.729578745	3167
4.745225023	2832
4.760975313	2450
4.776830652	2051
4.792792097	1660
4.808860713	1300
4.825037586	985
4.84132381	722
4.857720499	512
4.87422878	351
4.890849795	233
4.907584702	150
4.924434676	93
4.941400907	56
4.958484602	32
4.975686984	18
4.993009294	10
