   4.2720509e-01   3.2940337e+00
   4.3286538e-01   1.3680592e+00
   4.3852566e-01   9.4386439e-01
   4.4418594e-01   8.0105070e-01
   4.4984623e-01   7.3172711e-01
   4.5550651e-01   6.7928915e-01
   4.6116680e-01   6.5214202e-01
   4.6682708e-01   6.3651906e-01
   4.7248737e-01   6.3862897e-01
   4.7814765e-01   6.4428919e-01
   4.8380794e-01   6.5092786e-01
   4.8946822e-01   6.7430325e-01
   4.9512850e-01   6.9394726e-01
   5.0078879e-01   7.2113728e-01
   5.0644907e-01   7.4494154e-01
   5.1210936e-01   7.7242494e-01
   5.1776964e-01   8.0480329e-01
   5.2342993e-01   8.2765946e-01
   5.2909021e-01   8.6054317e-01
   5.3475050e-01   8.8421417e-01
   5.4041078e-01   9.0566153e-01
   5.4607107e-01   9.1819694e-01
   5.5173135e-01   9.2502570e-01
   5.5739163e-01   9.3823731e-01
   5.6305192e-01   9.4039479e-01
   5.6871220e-01   9.4767894e-01
   5.7437249e-01   9.4707377e-01
   5.8003277e-01   9.5252785e-01
   5.8569306e-01   9.5495640e-01
   5.9135334e-01   9.5473076e-01
   5.9701363e-01   9.6351556e-01
   6.0267391e-01   9.6152073e-01
   6.0833420e-01   9.7039167e-01
   6.1399448e-01   9.7293942e-01
   6.1965476e-01   9.7822527e-01
   6.2531505e-01   9.8564039e-01
   6.3097533e-01   9.8305367e-01
   6.3663562e-01   9.8864966e-01
   6.4229590e-01   9.8748141e-01
   6.4795619e-01   9.9448174e-01
   6.5361647e-01   9.9931446e-01
   6.5927676e-01   1.0049626e+00
   6.6493704e-01   1.0047110e+00
   6.7059733e-01   9.9968396e-01
   6.7625761e-01   1.0040689e+00
   6.8191789e-01   1.0032717e+00
   6.8757818e-01   1.0117079e+00
   6.9323846e-01   1.0130900e+00
   6.9889875e-01   1.0121357e+00
   7.0455903e-01   1.0144464e+00
   7.1021932e-01   1.0130114e+00
   7.1587960e-01   1.0181362e+00
   7.2153989e-01   1.0165474e+00
   7.2720017e-01   1.0216859e+00
   7.3286046e-01   1.0210293e+00
   7.3852074e-01   1.0205927e+00
   7.4418102e-01   1.0287268e+00
   7.4984131e-01   1.0314526e+00
   7.5550159e-01   1.0368832e+00
   7.6116188e-01   1.0363690e+00
   7.6682216e-01   1.0405915e+00
   7.7248245e-01   1.0431329e+00
   7.7814273e-01   1.0471271e+00
   7.8380302e-01   1.0520254e+00
   7.8946330e-01   1.0488926e+00
   7.9512358e-01   1.0544284e+00
   8.0078387e-01   1.0574410e+00
   8.0644415e-01   1.0696029e+00
   8.1210444e-01   1.0715146e+00
   8.1776472e-01   1.0710736e+00
   8.2342501e-01   1.0734203e+00
   8.2908529e-01   1.0747584e+00
   8.3474558e-01   1.0831611e+00
   8.4040586e-01   1.0856670e+00
   8.4606615e-01   1.0933227e+00
   8.5172643e-01   1.0967443e+00
   8.5738671e-01   1.1003210e+00
   8.6304700e-01   1.1090621e+00
   8.6870728e-01   1.1119242e+00
   8.7436757e-01   1.1195707e+00
   8.8002785e-01   1.1210002e+00
   8.8568814e-01   1.1307312e+00
   8.9134842e-01   1.1364220e+00
   8.9700871e-01   1.1409157e+00
   9.0266899e-01   1.1484096e+00
   9.0832928e-01   1.1542493e+00
   9.1398956e-01   1.1647163e+00
   9.1964984e-01   1.1714564e+00
   9.2531013e-01   1.1849261e+00
   9.3097041e-01   1.2002000e+00
   9.3663070e-01   1.2132851e+00
   9.4229098e-01   1.2314631e+00
   9.4795127e-01   1.2491904e+00
   9.5361155e-01   1.2811753e+00
   9.5927184e-01   1.3220844e+00
   9.6493212e-01   1.3793249e+00
   9.7059241e-01   1.4526686e+00
   9.7625269e-01   1.4918686e+00
   9.8191297e-01   1.4821942e+00
   9.8757326e-01   1.4362191e+00
   9.9323354e-01   1.3937874e+00
   9.9889383e-01   1.3626977e+00
   1.0045541e+00   1.3462801e+00
   1.0102144e+00   1.3356553e+00
   1.0158747e+00   1.3286846e+00
   1.0215350e+00   1.3282258e+00
   1.0271953e+00   1.3265883e+00
   1.0328555e+00   1.3338731e+00
   1.0385158e+00   1.3457307e+00
   1.0441761e+00   1.3625187e+00
   1.0498364e+00   1.3909755e+00
   1.0554967e+00   1.4169675e+00
   1.0611570e+00   1.4593455e+00
   1.0668172e+00   1.5284345e+00
   1.0724775e+00   1.6412196e+00
   1.0781378e+00   1.8819000e+00
   1.0837981e+00   2.2611268e+00
   1.0894584e+00   2.6793305e+00
   1.0951187e+00   2.6829791e+00
   1.1007789e+00   2.3151298e+00
   1.1064392e+00   1.9039836e+00
   1.1120995e+00   1.6904103e+00
   1.1177598e+00   1.5861638e+00
   1.1234201e+00   1.5450512e+00
   1.1290804e+00   1.5307454e+00
   1.1347407e+00   1.5223132e+00
   1.1404009e+00   1.5209276e+00
   1.1460612e+00   1.5215057e+00
   1.1517215e+00   1.5247176e+00
   1.1573818e+00   1.5282285e+00
   1.1630421e+00   1.5317801e+00
   1.1687024e+00   1.5406818e+00
   1.1743626e+00   1.5467937e+00
   1.1800229e+00   1.5607387e+00
   1.1856832e+00   1.5701703e+00
   1.1913435e+00   1.5790552e+00
   1.1970038e+00   1.5907719e+00
   1.2026641e+00   1.6004110e+00
   1.2083244e+00   1.6133590e+00
   1.2139846e+00   1.6253722e+00
   1.2196449e+00   1.6391183e+00
   1.2253052e+00   1.6502796e+00
   1.2309655e+00   1.6651587e+00
   1.2366258e+00   1.6844893e+00
   1.2422861e+00   1.6986020e+00
   1.2479463e+00   1.7176381e+00
   1.2536066e+00   1.7338142e+00
   1.2592669e+00   1.7515515e+00
   1.2649272e+00   1.7688445e+00
   1.2705875e+00   1.7826427e+00
   1.2762478e+00   1.8068084e+00
   1.2819081e+00   1.8367450e+00
   1.2875683e+00   1.8869871e+00
   1.2932286e+00   1.9741369e+00
   1.2988889e+00   2.1158214e+00
   1.3045492e+00   2.3957824e+00
   1.3102095e+00   2.6976597e+00
   1.3158698e+00   2.8467850e+00
   1.3215300e+00   2.6464400e+00
   1.3271903e+00   2.3414099e+00
   1.3328506e+00   2.1253676e+00
   1.3385109e+00   2.0358677e+00
   1.3441712e+00   2.0050582e+00
   1.3498315e+00   2.0026727e+00
   1.3554918e+00   2.0175912e+00
   1.3611520e+00   2.0489908e+00
   1.3668123e+00   2.0920158e+00
   1.3724726e+00   2.1532123e+00
   1.3781329e+00   2.2390762e+00
   1.3837932e+00   2.3706827e+00
   1.3894535e+00   2.5901894e+00
   1.3951137e+00   3.1022745e+00
   1.4007740e+00   5.8966272e+00
   1.4064343e+00   1.8414547e+01
   1.4120946e+00   4.7552667e+01
   1.4177549e+00   7.3582838e+01
   1.4234152e+00   6.6238802e+01
   1.4290755e+00   3.6580994e+01
   1.4347357e+00   1.4491783e+01
   1.4403960e+00   6.5984648e+00
   1.4460563e+00   4.8176273e+00
   1.4517166e+00   4.9074399e+00
   1.4573769e+00   4.9211430e+00
   1.4630372e+00   4.0684612e+00
   1.4686974e+00   3.0316156e+00
   1.4743577e+00   2.4262362e+00
   1.4800180e+00   2.2052159e+00
   1.4856783e+00   2.1097205e+00
   1.4913386e+00   2.0530526e+00
   1.4969989e+00   2.0166858e+00
   1.5026592e+00   1.9864699e+00
   1.5083194e+00   1.9603875e+00
   1.5139797e+00   1.9379804e+00
   1.5196400e+00   1.9191897e+00
   1.5253003e+00   1.9082968e+00
   1.5309606e+00   1.9030454e+00
   1.5366209e+00   1.9378382e+00
   1.5422811e+00   1.9536022e+00
   1.5479414e+00   1.9159363e+00
   1.5536017e+00   1.8843495e+00
   1.5592620e+00   1.8743284e+00
   1.5649223e+00   1.8710566e+00
   1.5705826e+00   1.8685253e+00
   1.5762428e+00   1.8675689e+00
   1.5819031e+00   1.8700516e+00
   1.5875634e+00   1.8737568e+00
   1.5932237e+00   1.8830899e+00
   1.5988840e+00   1.8939133e+00
   1.6045443e+00   1.9026327e+00
   1.6102046e+00   1.9066917e+00
   1.6158648e+00   1.9201731e+00
   1.6215251e+00   1.9434731e+00
   1.6271854e+00   1.9688882e+00
   1.6328457e+00   1.9887745e+00
   1.6385060e+00   1.9903233e+00
   1.6441663e+00   1.9778411e+00
   1.6498265e+00   1.9583831e+00
   1.6554868e+00   1.9420881e+00
   1.6611471e+00   1.9332754e+00
   1.6668074e+00   1.9381815e+00
   1.6724677e+00   1.9628068e+00
   1.6781280e+00   2.0001560e+00
   1.6837883e+00   2.0388458e+00
   1.6894485e+00   2.0661158e+00
   1.6951088e+00   2.0685827e+00
   1.7007691e+00   2.0430937e+00
   1.7064294e+00   2.0003403e+00
   1.7120897e+00   1.9580692e+00
   1.7177500e+00   1.9250906e+00
   1.7234102e+00   1.9104927e+00
   1.7290705e+00   1.9062301e+00
   1.7347308e+00   1.8968532e+00
   1.7403911e+00   1.8812458e+00
   1.7460514e+00   1.8646575e+00
   1.7517117e+00   1.8516962e+00
   1.7573720e+00   1.8392910e+00
   1.7630322e+00   1.8318529e+00
   1.7686925e+00   1.8263385e+00
   1.7743528e+00   1.8205106e+00
   1.7800131e+00   1.8194607e+00
   1.7856734e+00   1.8212672e+00
   1.7913337e+00   1.8215987e+00
   1.7969939e+00   1.8185777e+00
   1.8026542e+00   1.8151436e+00
   1.8083145e+00   1.8114677e+00
   1.8139748e+00   1.8058416e+00
   1.8196351e+00   1.8032722e+00
   1.8252954e+00   1.8057363e+00
   1.8309557e+00   1.8182930e+00
   1.8366159e+00   1.8527256e+00
   1.8422762e+00   1.9199932e+00
   1.8479365e+00   2.0299560e+00
   1.8535968e+00   2.1264411e+00
   1.8592571e+00   2.1091799e+00
   1.8649174e+00   1.9816763e+00
   1.8705776e+00   1.8901992e+00
   1.8762379e+00   1.8544052e+00
   1.8818982e+00   1.8505719e+00
   1.8875585e+00   1.8615792e+00
   1.8932188e+00   1.8807209e+00
   1.8988791e+00   1.9109628e+00
   1.9045394e+00   1.9564646e+00
   1.9101996e+00   2.0279987e+00
   1.9158599e+00   2.1544644e+00
   1.9215202e+00   2.3881733e+00
   1.9271805e+00   2.9395827e+00
   1.9328408e+00   4.5595687e+00
   1.9385011e+00   9.6457035e+00
   1.9441613e+00   2.0392782e+01
   1.9498216e+00   2.8754461e+01
   1.9554819e+00   2.3616931e+01
   1.9611422e+00   1.1520907e+01
   1.9668025e+00   4.5935235e+00
   1.9724628e+00   2.6979303e+00
   1.9781231e+00   2.1947779e+00
   1.9837833e+00   1.9837552e+00
   1.9894436e+00   1.8651931e+00
   1.9951039e+00   1.7834564e+00
   2.0007642e+00   1.7281979e+00
   2.0064245e+00   1.6840804e+00
   2.0120848e+00   1.6499585e+00
   2.0177450e+00   1.6256626e+00
   2.0234053e+00   1.6056970e+00
   2.0290656e+00   1.5872533e+00
   2.0347259e+00   1.5702345e+00
   2.0403862e+00   1.5547633e+00
   2.0460465e+00   1.5431343e+00
   2.0517067e+00   1.5309536e+00
   2.0573670e+00   1.5179290e+00
   2.0630273e+00   1.5098484e+00
   2.0686876e+00   1.5038052e+00
   2.0743479e+00   1.5015448e+00
   2.0800082e+00   1.4971927e+00
   2.0856685e+00   1.4911069e+00
   2.0913287e+00   1.4815275e+00
   2.0969890e+00   1.4679988e+00
   2.1026493e+00   1.4528353e+00
   2.1083096e+00   1.4398085e+00
   2.1139699e+00   1.4280712e+00
   2.1196302e+00   1.4148604e+00
   2.1252904e+00   1.4063681e+00
   2.1309507e+00   1.3999343e+00
   2.1366110e+00   1.3943762e+00
   2.1422713e+00   1.3891684e+00
   2.1479316e+00   1.3838215e+00
   2.1535919e+00   1.3827259e+00
   2.1592522e+00   1.3800382e+00
   2.1649124e+00   1.3809548e+00
   2.1705727e+00   1.3858770e+00
   2.1762330e+00   1.3922092e+00
   2.1818933e+00   1.3987169e+00
   2.1875536e+00   1.3995676e+00
   2.1932139e+00   1.3926321e+00
   2.1988741e+00   1.3764882e+00
   2.2045344e+00   1.3608474e+00
   2.2101947e+00   1.3516625e+00
   2.2158550e+00   1.3466576e+00
   2.2215153e+00   1.3438379e+00
   2.2271756e+00   1.3436781e+00
   2.2328359e+00   1.3398569e+00
   2.2384961e+00   1.3314894e+00
   2.2441564e+00   1.3280773e+00
   2.2498167e+00   1.3308113e+00
   2.2554770e+00   1.3304361e+00
   2.2611373e+00   1.3233907e+00
   2.2667976e+00   1.3135251e+00
   2.2724578e+00   1.3088462e+00
   2.2781181e+00   1.3075360e+00
   2.2837784e+00   1.3053172e+00
   2.2894387e+00   1.3048464e+00
   2.2950990e+00   1.3030475e+00
   2.3007593e+00   1.3010238e+00
   2.3064196e+00   1.2980661e+00
   2.3120798e+00   1.2965024e+00
   2.3177401e+00   1.2981553e+00
   2.3234004e+00   1.2999065e+00
   2.3290607e+00   1.2990216e+00
   2.3347210e+00   1.2963381e+00
   2.3403813e+00   1.2933825e+00
   2.3460415e+00   1.2898763e+00
   2.3517018e+00   1.2888820e+00
   2.3573621e+00   1.2890654e+00
   2.3630224e+00   1.2918652e+00
   2.3686827e+00   1.2938918e+00
   2.3743430e+00   1.2926932e+00
   2.3800033e+00   1.2923219e+00
   2.3856635e+00   1.2916414e+00
   2.3913238e+00   1.2911648e+00
   2.3969841e+00   1.2909637e+00
   2.4026444e+00   1.2903226e+00
   2.4083047e+00   1.2901473e+00
   2.4139650e+00   1.2910397e+00
   2.4196252e+00   1.2925125e+00
   2.4252855e+00   1.2931053e+00
   2.4309458e+00   1.2950999e+00
   2.4366061e+00   1.2961546e+00
   2.4422664e+00   1.2979706e+00
   2.4479267e+00   1.3007641e+00
   2.4535870e+00   1.3027074e+00
   2.4592472e+00   1.3050251e+00
   2.4649075e+00   1.3063613e+00
   2.4705678e+00   1.3080802e+00
   2.4762281e+00   1.3097941e+00
   2.4818884e+00   1.3133273e+00
   2.4875487e+00   1.3165560e+00
   2.4932089e+00   1.3193561e+00
   2.4988692e+00   1.3218333e+00
   2.5045295e+00   1.3244472e+00
   2.5101898e+00   1.3257822e+00
   2.5158501e+00   1.3267205e+00
   2.5215104e+00   1.3285427e+00
   2.5271706e+00   1.3304730e+00
   2.5328309e+00   1.3321025e+00
   2.5384912e+00   1.3344064e+00
   2.5441515e+00   1.3349734e+00
   2.5498118e+00   1.3376784e+00
   2.5554721e+00   1.3388409e+00
   2.5611324e+00   1.3407837e+00
   2.5667926e+00   1.3451930e+00
   2.5724529e+00   1.3459327e+00
   2.5781132e+00   1.3474514e+00
   2.5837735e+00   1.3472843e+00
   2.5894338e+00   1.3492742e+00
   2.5950941e+00   1.3529338e+00
   2.6007543e+00   1.3571561e+00
   2.6064146e+00   1.3611844e+00
   2.6120749e+00   1.3635589e+00
   2.6177352e+00   1.3658226e+00
   2.6233955e+00   1.3685979e+00
   2.6290558e+00   1.3718825e+00
   2.6347161e+00   1.3761065e+00
   2.6403763e+00   1.3772410e+00
   2.6460366e+00   1.3780926e+00
   2.6516969e+00   1.3825148e+00
   2.6573572e+00   1.4001436e+00
   2.6630175e+00   1.4121531e+00
   2.6686778e+00   1.4402709e+00
   2.6743380e+00   1.4604786e+00
   2.6799983e+00   1.5220489e+00
   2.6856586e+00   1.5840024e+00
   2.6913189e+00   1.5504479e+00
   2.6969792e+00   1.6630713e+00
   2.7026395e+00   1.5920900e+00
   2.7082998e+00   1.4425628e+00
   2.7139600e+00   1.4356673e+00
   2.7196203e+00   1.4392056e+00
   2.7252806e+00   1.4290539e+00
   2.7309409e+00   1.4344654e+00
   2.7366012e+00   1.4415712e+00
   2.7422615e+00   1.4501265e+00
   2.7479217e+00   1.4638109e+00
   2.7535820e+00   1.4840704e+00
   2.7592423e+00   1.5077451e+00
   2.7649026e+00   1.5528198e+00
   2.7705629e+00   1.6522467e+00
   2.7762232e+00   1.8213967e+00
   2.7818835e+00   2.0353442e+00
   2.7875437e+00   2.2000385e+00
   2.7932040e+00   2.2513407e+00
   2.7988643e+00   2.1741720e+00
   2.8045246e+00   2.0515036e+00
   2.8101849e+00   2.0054735e+00
   2.8158452e+00   2.2165593e+00
   2.8215054e+00   3.0738180e+00
   2.8271657e+00   5.3823890e+00
   2.8328260e+00   1.0121622e+01
   2.8384863e+00   1.6512804e+01
   2.8441466e+00   2.2570921e+01
   2.8498069e+00   2.5006270e+01
   2.8554672e+00   1.9644347e+01
   2.8611274e+00   1.3004378e+01
   2.8667877e+00   7.1378865e+00
   2.8724480e+00   3.6079710e+00
   2.8781083e+00   2.2982690e+00
   2.8837686e+00   1.9310191e+00
   2.8894289e+00   1.8182474e+00
   2.8950891e+00   1.7846120e+00
   2.9007494e+00   1.8014311e+00
   2.9064097e+00   1.8605181e+00
   2.9120700e+00   2.0276278e+00
   2.9177303e+00   2.6466033e+00
   2.9233906e+00   4.2326829e+00
   2.9290509e+00   7.2822128e+00
   2.9347111e+00   1.0230875e+01
   2.9403714e+00   1.0764838e+01
   2.9460317e+00   8.6406886e+00
   2.9516920e+00   6.6959829e+00
   2.9573523e+00   6.1576215e+00
   2.9630126e+00   6.5688767e+00
   2.9686728e+00   6.2216781e+00
   2.9743331e+00   4.9370832e+00
   2.9799934e+00   3.5693782e+00
   2.9856537e+00   2.4678573e+00
   2.9913140e+00   1.8822796e+00
   2.9969743e+00   1.6730253e+00
   3.0026345e+00   1.6065061e+00
   3.0082948e+00   1.5798205e+00
   3.0139551e+00   1.5649251e+00
   3.0196154e+00   1.5552395e+00
   3.0252757e+00   1.5494879e+00
   3.0309360e+00   1.5442973e+00
   3.0365963e+00   1.5402715e+00
   3.0422565e+00   1.5371929e+00
   3.0479168e+00   1.5348443e+00
   3.0535771e+00   1.5318072e+00
   3.0592374e+00   1.5311490e+00
   3.0648977e+00   1.5304149e+00
   3.0705580e+00   1.5324067e+00
   3.0762182e+00   1.5382693e+00
   3.0818785e+00   1.5445644e+00
   3.0875388e+00   1.5501046e+00
   3.0931991e+00   1.5546115e+00
   3.0988594e+00   1.5586120e+00
   3.1045197e+00   1.5631997e+00
   3.1101800e+00   1.5669192e+00
   3.1158402e+00   1.5714989e+00
   3.1215005e+00   1.5751977e+00
   3.1271608e+00   1.5827166e+00
   3.1328211e+00   1.5949420e+00
   3.1384814e+00   1.6053929e+00
   3.1441417e+00   1.6152822e+00
   3.1498019e+00   1.6247086e+00
   3.1554622e+00   1.6353219e+00
   3.1611225e+00   1.6501164e+00
   3.1667828e+00   1.6751865e+00
   3.1724431e+00   1.7293550e+00
   3.1781034e+00   1.8944671e+00
   3.1837637e+00   2.3222042e+00
   3.1894239e+00   2.9674370e+00
   3.1950842e+00   3.5012600e+00
   3.2007445e+00   3.7217295e+00
   3.2064048e+00   3.7311779e+00
   3.2120651e+00   3.4695941e+00
   3.2177254e+00   2.9054405e+00
   3.2233856e+00   2.3392207e+00
   3.2290459e+00   2.0668766e+00
   3.2347062e+00   2.0133134e+00
   3.2403665e+00   2.0392408e+00
   3.2460268e+00   2.0955984e+00
   3.2516871e+00   2.1917968e+00
   3.2573474e+00   2.4263345e+00
   3.2630076e+00   3.5397922e+00
   3.2686679e+00   7.3267865e+00
   3.2743282e+00   1.4559169e+01
   3.2799885e+00   2.4374518e+01
   3.2856488e+00   3.6220909e+01
   3.2913091e+00   4.2238833e+01
   3.2969693e+00   3.3447176e+01
   3.3026296e+00   2.0678229e+01
   3.3082899e+00   1.0838750e+01
   3.3139502e+00   5.1805052e+00
   3.3196105e+00   3.3987361e+00
   3.3252708e+00   3.2200500e+00
   3.3309311e+00   3.4400348e+00
   3.3365913e+00   3.8805875e+00
   3.3422516e+00   4.7154843e+00
   3.3479119e+00   6.4253040e+00
   3.3535722e+00   1.0591621e+01
   3.3592325e+00   2.2046471e+01
   3.3648928e+00   4.5838754e+01
   3.3705530e+00   8.4352465e+01
   3.3762133e+00   1.2038835e+02
   3.3818736e+00   1.8481790e+02
   3.3875339e+00   2.5000000e+02
   3.3931942e+00   2.2677200e+02
   3.3988545e+00   1.4422020e+02
   3.4045148e+00   1.0587394e+02
   3.4101750e+00   6.5168473e+01
   3.4158353e+00   3.1364804e+01
   3.4214956e+00   1.2711908e+01
   3.4271559e+00   6.6453781e+00
   3.4328162e+00   4.5358619e+00
   3.4384765e+00   3.6116754e+00
   3.4441367e+00   3.1121851e+00
   3.4497970e+00   2.7864468e+00
   3.4554573e+00   2.5760907e+00
   3.4611176e+00   2.4243877e+00
   3.4667779e+00   2.3094168e+00
   3.4724382e+00   2.2161530e+00
   3.4780985e+00   2.1327151e+00
   3.4837587e+00   2.0643539e+00
   3.4894190e+00   2.0084496e+00
   3.4950793e+00   1.9595988e+00
   3.5007396e+00   1.9170188e+00
   3.5063999e+00   1.8828723e+00
   3.5120602e+00   1.8533696e+00
   3.5177204e+00   1.8303545e+00
   3.5233807e+00   1.8089571e+00
   3.5290410e+00   1.7890194e+00
   3.5347013e+00   1.7684873e+00
   3.5403616e+00   1.7483527e+00
   3.5460219e+00   1.7285197e+00
   3.5516821e+00   1.7059174e+00
   3.5573424e+00   1.6876094e+00
   3.5630027e+00   1.6760026e+00
   3.5686630e+00   1.6634819e+00
   3.5743233e+00   1.6507634e+00
   3.5799836e+00   1.6411116e+00
   3.5856439e+00   1.6330365e+00
   3.5913041e+00   1.6264642e+00
   3.5969644e+00   1.6187529e+00
   3.6026247e+00   1.6136386e+00
   3.6082850e+00   1.6129418e+00
   3.6139453e+00   1.6152319e+00
   3.6196056e+00   1.6233751e+00
   3.6252658e+00   1.6469913e+00
   3.6309261e+00   1.6913728e+00
   3.6365864e+00   1.7901314e+00
   3.6422467e+00   1.9826393e+00
   3.6479070e+00   2.3779872e+00
   3.6535673e+00   3.0582817e+00
   3.6592276e+00   3.9392928e+00
   3.6648878e+00   4.7947012e+00
   3.6705481e+00   5.4986628e+00
   3.6762084e+00   5.6547993e+00
   3.6818687e+00   5.0971180e+00
   3.6875290e+00   4.3311595e+00
   3.6931893e+00   3.4936712e+00
   3.6988495e+00   2.7876277e+00
   3.7045098e+00   2.3475412e+00
   3.7101701e+00   2.1407231e+00
   3.7158304e+00   2.0861030e+00
   3.7214907e+00   2.1238949e+00
   3.7271510e+00   2.2262652e+00
   3.7328113e+00   2.3684814e+00
   3.7384715e+00   2.5191380e+00
   3.7441318e+00   2.6412392e+00
   3.7497921e+00   2.7036347e+00
   3.7554524e+00   2.6999310e+00
   3.7611127e+00   2.6751770e+00
   3.7667730e+00   2.8210444e+00
   3.7724332e+00   3.6335630e+00
   3.7780935e+00   5.7035276e+00
   3.7837538e+00   8.6605688e+00
   3.7894141e+00   1.1934021e+01
   3.7950744e+00   1.6125248e+01
   3.8007347e+00   1.8450567e+01
   3.8063950e+00   1.5349393e+01
   3.8120552e+00   1.0370878e+01
   3.8177155e+00   6.0884616e+00
   3.8233758e+00   3.3078644e+00
   3.8290361e+00   2.0939558e+00
   3.8346964e+00   1.7389474e+00
   3.8403567e+00   1.6331210e+00
   3.8460169e+00   1.5925834e+00
   3.8516772e+00   1.5798160e+00
   3.8573375e+00   1.5863130e+00
   3.8629978e+00   1.6094431e+00
   3.8686581e+00   1.6478564e+00
   3.8743184e+00   1.7050784e+00
   3.8799787e+00   1.7947512e+00
   3.8856389e+00   1.9378458e+00
   3.8912992e+00   2.1629059e+00
   3.8969595e+00   2.4975693e+00
   3.9026198e+00   2.7077833e+00
   3.9082801e+00   2.5502140e+00
   3.9139404e+00   2.1465839e+00
   3.9196006e+00   1.8353630e+00
   3.9252609e+00   1.6411438e+00
   3.9309212e+00   1.5227309e+00
   3.9365815e+00   1.4479789e+00
   3.9422418e+00   1.4009234e+00
   3.9479021e+00   1.3683355e+00
   3.9535624e+00   1.3452376e+00
   3.9592226e+00   1.3277015e+00
   3.9648829e+00   1.3124458e+00
   3.9705432e+00   1.3001507e+00
   3.9762035e+00   1.2887059e+00
   3.9818638e+00   1.2791011e+00
   3.9875241e+00   1.2729805e+00
   3.9931843e+00   1.2665816e+00
   3.9988446e+00   1.2601750e+00
   4.0045049e+00   1.2550815e+00
   4.0101652e+00   1.2508073e+00
   4.0158255e+00   1.2459950e+00
   4.0214858e+00   1.2422806e+00
   4.0271460e+00   1.2388731e+00
   4.0328063e+00   1.2358221e+00
   4.0384666e+00   1.2335707e+00
   4.0441269e+00   1.2323676e+00
   4.0497872e+00   1.2315335e+00
   4.0554475e+00   1.2313490e+00
   4.0611078e+00   1.2305894e+00
   4.0667680e+00   1.2289285e+00
   4.0724283e+00   1.2281607e+00
   4.0780886e+00   1.2278075e+00
   4.0837489e+00   1.2255650e+00
   4.0894092e+00   1.2217956e+00
   4.0950695e+00   1.2195389e+00
   4.1007297e+00   1.2163733e+00
   4.1063900e+00   1.2185015e+00
   4.1120503e+00   1.2249090e+00
   4.1177106e+00   1.2331273e+00
   4.1233709e+00   1.2653385e+00
   4.1290312e+00   1.2788809e+00
   4.1346915e+00   1.2391510e+00
   4.1403517e+00   1.2224750e+00
   4.1460120e+00   1.2405323e+00
   4.1516723e+00   1.2330696e+00
   4.1573326e+00   1.2236250e+00
   4.1629929e+00   1.2170736e+00
   4.1686532e+00   1.2139606e+00
   4.1743134e+00   1.2165964e+00
   4.1799737e+00   1.2184586e+00
   4.1856340e+00   1.2194752e+00
   4.1912943e+00   1.2199974e+00
   4.1969546e+00   1.2222393e+00
   4.2026149e+00   1.2244348e+00
   4.2082752e+00   1.2256310e+00
   4.2139354e+00   1.2262155e+00
   4.2195957e+00   1.2328469e+00
   4.2252560e+00   1.2517481e+00
   4.2309163e+00   1.2979807e+00
   4.2365766e+00   1.3931954e+00
   4.2422369e+00   1.5224105e+00
   4.2478971e+00   1.6799921e+00
   4.2535574e+00   1.8006413e+00
   4.2592177e+00   1.8711877e+00
   4.2648780e+00   1.8542949e+00
   4.2705383e+00   1.7913684e+00
   4.2761986e+00   1.6910992e+00
   4.2818589e+00   1.6039424e+00
   4.2875191e+00   1.5267423e+00
   4.2931794e+00   1.5003233e+00
   4.2988397e+00   1.5593380e+00
   4.3045000e+00   1.7251194e+00
   4.3101603e+00   2.0680657e+00
   4.3158206e+00   2.6962323e+00
   4.3214808e+00   3.6455909e+00
   4.3271411e+00   4.8397469e+00
   4.3328014e+00   5.9998036e+00
   4.3384617e+00   7.1476753e+00
   4.3441220e+00   7.8355754e+00
   4.3497823e+00   7.5253031e+00
   4.3554426e+00   6.5150738e+00
   4.3611028e+00   5.4863890e+00
   4.3667631e+00   4.3793214e+00
   4.3724234e+00   3.3943971e+00
   4.3780837e+00   2.6471809e+00
   4.3837440e+00   2.1596936e+00
   4.3894043e+00   1.8383747e+00
   4.3950645e+00   1.6232984e+00
   4.4007248e+00   1.4816512e+00
   4.4063851e+00   1.3890132e+00
   4.4120454e+00   1.3312381e+00
   4.4177057e+00   1.2951133e+00
   4.4233660e+00   1.2720566e+00
   4.4290263e+00   1.2554163e+00
   4.4346865e+00   1.2429337e+00
   4.4403468e+00   1.2343681e+00
   4.4460071e+00   1.2280350e+00
   4.4516674e+00   1.2216705e+00
   4.4573277e+00   1.2169063e+00
   4.4629880e+00   1.2126807e+00
   4.4686482e+00   1.2107285e+00
   4.4743085e+00   1.2082786e+00
   4.4799688e+00   1.2057424e+00
   4.4856291e+00   1.2042318e+00
   4.4912894e+00   1.2027612e+00
   4.4969497e+00   1.2030223e+00
   4.5026099e+00   1.2034551e+00
   4.5082702e+00   1.2035534e+00
   4.5139305e+00   1.2045641e+00
   4.5195908e+00   1.2050308e+00
   4.5252511e+00   1.2055683e+00
   4.5309114e+00   1.2066003e+00
   4.5365717e+00   1.2067465e+00
   4.5422319e+00   1.2073865e+00
   4.5478922e+00   1.2083595e+00
   4.5535525e+00   1.2103067e+00
   4.5592128e+00   1.2109999e+00
   4.5648731e+00   1.2117334e+00
   4.5705334e+00   1.2135016e+00
   4.5761936e+00   1.2145123e+00
   4.5818539e+00   1.2151453e+00
   4.5875142e+00   1.2179771e+00
   4.5931745e+00   1.2201104e+00
   4.5988348e+00   1.2217091e+00
   4.6044951e+00   1.2248040e+00
   4.6101554e+00   1.2291107e+00
   4.6158156e+00   1.2344282e+00
   4.6214759e+00   1.2400507e+00
   4.6271362e+00   1.2470074e+00
   4.6327965e+00   1.2574366e+00
   4.6384568e+00   1.2703069e+00
   4.6441171e+00   1.2867709e+00
   4.6497773e+00   1.3079666e+00
   4.6554376e+00   1.3391838e+00
   4.6610979e+00   1.3892473e+00
   4.6667582e+00   1.4729637e+00
   4.6724185e+00   1.6254150e+00
   4.6780788e+00   1.9123390e+00
   4.6837391e+00   2.4149273e+00
   4.6893993e+00   3.2193409e+00
   4.6950596e+00   4.2323609e+00
   4.7007199e+00   5.3328478e+00
   4.7063802e+00   6.3776406e+00
   4.7120405e+00   7.4168014e+00
   4.7177008e+00   7.6995214e+00
   4.7233610e+00   7.1269856e+00
   4.7290213e+00   6.1714773e+00
   4.7346816e+00   5.3442406e+00
   4.7403419e+00   4.5717494e+00
   4.7460022e+00   4.1106998e+00
   4.7516625e+00   4.1473878e+00
   4.7573228e+00   4.9497533e+00
   4.7629830e+00   6.4172456e+00
   4.7686433e+00   8.4570296e+00
   4.7743036e+00   1.0258951e+01
   4.7799639e+00   1.1332310e+01
   4.7856242e+00   1.2114750e+01
   4.7912845e+00   1.3656253e+01
   4.7969447e+00   1.4072605e+01
   4.8026050e+00   1.3084667e+01
   4.8082653e+00   1.1380619e+01
   4.8139256e+00   9.2567573e+00
   4.8195859e+00   6.8974584e+00
   4.8252462e+00   4.8006222e+00
   4.8309065e+00   3.5142488e+00
   4.8365667e+00   3.2921805e+00
   4.8422270e+00   4.0263798e+00
   4.8478873e+00   5.4059421e+00
   4.8535476e+00   6.7839628e+00
   4.8592079e+00   8.0939537e+00
   4.8648682e+00   9.7064511e+00
   4.8705284e+00   9.7014716e+00
   4.8761887e+00   7.9027588e+00
   4.8818490e+00   6.3615675e+00
   4.8875093e+00   4.9503959e+00
   4.8931696e+00   3.4706798e+00
   4.8988299e+00   2.3426197e+00
   4.9044902e+00   1.7416124e+00
   4.9101504e+00   1.5017696e+00
   4.9158107e+00   1.4062889e+00
   4.9214710e+00   1.3604148e+00
   4.9271313e+00   1.3338033e+00
   4.9327916e+00   1.3169464e+00
   4.9384519e+00   1.3072594e+00
   4.9441121e+00   1.3077304e+00
   4.9497724e+00   1.3188108e+00
   4.9554327e+00   1.3377938e+00
   4.9610930e+00   1.3649949e+00
   4.9667533e+00   1.3934778e+00
   4.9724136e+00   1.4129709e+00
   4.9780738e+00   1.4234221e+00
   4.9837341e+00   1.4241056e+00
   4.9893944e+00   1.4181854e+00
   4.9950547e+00   1.4043276e+00
   5.0007150e+00   1.3864240e+00
   5.0063753e+00   1.3748197e+00
   5.0120356e+00   1.3798377e+00
   5.0176958e+00   1.4116752e+00
   5.0233561e+00   1.4871937e+00
   5.0290164e+00   1.6431589e+00
   5.0346767e+00   1.9563826e+00
   5.0403370e+00   2.5308683e+00
   5.0459973e+00   3.3674406e+00
   5.0516575e+00   4.3928049e+00
   5.0573178e+00   5.2768402e+00
   5.0629781e+00   6.1358297e+00
   5.0686384e+00   6.9130313e+00
   5.0742987e+00   6.8090461e+00
   5.0799590e+00   5.7867726e+00
   5.0856193e+00   4.8360016e+00
   5.0912795e+00   3.9133886e+00
   5.0969398e+00   2.9691349e+00
   5.1026001e+00   2.1853866e+00
   5.1082604e+00   1.6978886e+00
   5.1139207e+00   1.4421103e+00
   5.1195810e+00   1.3232629e+00
   5.1252412e+00   1.2688475e+00
   5.1309015e+00   1.2378936e+00
   5.1365618e+00   1.2190919e+00
   5.1422221e+00   1.2052917e+00
   5.1478824e+00   1.1959196e+00
   5.1535427e+00   1.1903346e+00
   5.1592030e+00   1.1845040e+00
   5.1648632e+00   1.1792612e+00
   5.1705235e+00   1.1743547e+00
   5.1761838e+00   1.1699624e+00
   5.1818441e+00   1.1676669e+00
   5.1875044e+00   1.1649020e+00
   5.1931647e+00   1.1627350e+00
   5.1988249e+00   1.1611084e+00
   5.2044852e+00   1.1594220e+00
   5.2101455e+00   1.1580442e+00
   5.2158058e+00   1.1567485e+00
   5.2214661e+00   1.1571256e+00
   5.2271264e+00   1.1606295e+00
   5.2327867e+00   1.1572490e+00
   5.2384469e+00   1.1549192e+00
   5.2441072e+00   1.1596062e+00
   5.2497675e+00   1.1627359e+00
   5.2554278e+00   1.1610107e+00
   5.2610881e+00   1.1542781e+00
   5.2667484e+00   1.1545328e+00
   5.2724086e+00   1.1568336e+00
   5.2780689e+00   1.1592937e+00
   5.2837292e+00   1.1613049e+00
   5.2893895e+00   1.1647672e+00
   5.2950498e+00   1.1700134e+00
   5.3007101e+00   1.1771952e+00
   5.3063704e+00   1.1823812e+00
   5.3120306e+00   1.1896045e+00
   5.3176909e+00   1.2032119e+00
   5.3233512e+00   1.2297461e+00
   5.3290115e+00   1.2973068e+00
   5.3346718e+00   1.5125192e+00
   5.3403321e+00   2.0488059e+00
   5.3459923e+00   3.0203892e+00
   5.3516526e+00   4.1698065e+00
   5.3573129e+00   5.3242517e+00
   5.3629732e+00   6.6383148e+00
   5.3686335e+00   8.4357325e+00
   5.3742938e+00   9.4622455e+00
   5.3799541e+00   8.5753395e+00
   5.3856143e+00   6.6812218e+00
   5.3912746e+00   5.0610750e+00
   5.3969349e+00   3.6196308e+00
   5.4025952e+00   2.4235416e+00
   5.4082555e+00   1.7114752e+00
   5.4139158e+00   1.4074804e+00
   5.4195760e+00   1.3026009e+00
   5.4252363e+00   1.2629106e+00
   5.4308966e+00   1.2494245e+00
   5.4365569e+00   1.2468300e+00
   5.4422172e+00   1.2492122e+00
   5.4478775e+00   1.2573675e+00
   5.4535377e+00   1.2756513e+00
   5.4591980e+00   1.3089335e+00
   5.4648583e+00   1.3660074e+00
   5.4705186e+00   1.4582588e+00
   5.4761789e+00   1.5839030e+00
   5.4818392e+00   1.7363009e+00
   5.4874995e+00   1.8860420e+00
   5.4931597e+00   2.0219359e+00
   5.4988200e+00   2.1237392e+00
   5.5044803e+00   2.1907635e+00
   5.5101406e+00   2.2196432e+00
   5.5158009e+00   2.2526730e+00
   5.5214612e+00   2.3036049e+00
   5.5271214e+00   2.3327764e+00
   5.5327817e+00   2.3086737e+00
   5.5384420e+00   2.2199526e+00
   5.5441023e+00   2.1139846e+00
   5.5497626e+00   2.0385200e+00
   5.5554229e+00   2.0012014e+00
   5.5610832e+00   1.9567760e+00
   5.5667434e+00   1.8620613e+00
   5.5724037e+00   1.7257783e+00
   5.5780640e+00   1.5998614e+00
   5.5837243e+00   1.5421679e+00
   5.5893846e+00   1.5938346e+00
   5.5950449e+00   1.7780274e+00
   5.6007051e+00   2.1100042e+00
   5.6063654e+00   2.5694379e+00
   5.6120257e+00   3.1169746e+00
   5.6176860e+00   3.7046666e+00
   5.6233463e+00   4.2722268e+00
   5.6290066e+00   4.8333817e+00
   5.6346669e+00   5.1144750e+00
   5.6403271e+00   4.9617981e+00
   5.6459874e+00   4.4868192e+00
   5.6516477e+00   3.9950237e+00
   5.6573080e+00   3.5517905e+00
   5.6629683e+00   3.1490224e+00
   5.6686286e+00   2.8053875e+00
   5.6742888e+00   2.5812929e+00
   5.6799491e+00   2.4739758e+00
   5.6856094e+00   2.4448263e+00
   5.6912697e+00   2.4203289e+00
   5.6969300e+00   2.3525973e+00
   5.7025903e+00   2.2413299e+00
   5.7082506e+00   2.0993789e+00
   5.7139108e+00   1.9523639e+00
   5.7195711e+00   1.8025474e+00
   5.7252314e+00   1.6525940e+00
   5.7308917e+00   1.5241227e+00
   5.7365520e+00   1.4294391e+00
   5.7422123e+00   1.3761263e+00
   5.7478725e+00   1.3518962e+00
   5.7535328e+00   1.3439119e+00
   5.7591931e+00   1.3452218e+00
   5.7648534e+00   1.3530005e+00
   5.7705137e+00   1.3659020e+00
   5.7761740e+00   1.3851697e+00
   5.7818343e+00   1.4118702e+00
   5.7874945e+00   1.4509217e+00
   5.7931548e+00   1.5094144e+00
   5.7988151e+00   1.5963250e+00
   5.8044754e+00   1.7370408e+00
   5.8101357e+00   1.9767390e+00
   5.8157960e+00   2.4467125e+00
   5.8214562e+00   3.3833522e+00
   5.8271165e+00   5.0325180e+00
   5.8327768e+00   7.5102639e+00
   5.8384371e+00   1.0256385e+01
   5.8440974e+00   1.2701172e+01
   5.8497577e+00   1.4500652e+01
   5.8554180e+00   1.7404930e+01
   5.8610782e+00   2.1576035e+01
   5.8667385e+00   2.5586630e+01
   5.8723988e+00   2.6043620e+01
   5.8780591e+00   2.2156338e+01
   5.8837194e+00   1.7978106e+01
   5.8893797e+00   1.5514033e+01
   5.8950399e+00   1.4573314e+01
   5.9007002e+00   1.2640110e+01
   5.9063605e+00   1.0237398e+01
   5.9120208e+00   7.9979803e+00
   5.9176811e+00   6.5415658e+00
   5.9233414e+00   5.7789938e+00
   5.9290016e+00   5.4699458e+00
   5.9346619e+00   5.0754025e+00
   5.9403222e+00   4.4814844e+00
   5.9459825e+00   3.9463199e+00
   5.9516428e+00   3.4053361e+00
   5.9573031e+00   2.8589548e+00
   5.9629634e+00   2.3564805e+00
   5.9686236e+00   1.9657624e+00
   5.9742839e+00   1.7071580e+00
   5.9799442e+00   1.5518397e+00
   5.9856045e+00   1.4661690e+00
   5.9912648e+00   1.4168638e+00
   5.9969251e+00   1.3879759e+00
   6.0025853e+00   1.3665248e+00
   6.0082456e+00   1.3465997e+00
   6.0139059e+00   1.3316563e+00
   6.0195662e+00   1.3172166e+00
   6.0252265e+00   1.3033638e+00
   6.0308868e+00   1.2908084e+00
   6.0365471e+00   1.2785043e+00
   6.0422073e+00   1.2689816e+00
   6.0478676e+00   1.2680643e+00
   6.0535279e+00   1.2798886e+00
   6.0591882e+00   1.3109606e+00
   6.0648485e+00   1.3620152e+00
   6.0705088e+00   1.4316671e+00
   6.0761690e+00   1.5126159e+00
   6.0818293e+00   1.5887571e+00
   6.0874896e+00   1.6489161e+00
   6.0931499e+00   1.6847255e+00
   6.0988102e+00   1.6977153e+00
   6.1044705e+00   1.6832652e+00
   6.1101308e+00   1.6470010e+00
   6.1157910e+00   1.5907868e+00
   6.1214513e+00   1.5182950e+00
   6.1271116e+00   1.4339584e+00
   6.1327719e+00   1.3535099e+00
   6.1384322e+00   1.2867926e+00
   6.1440925e+00   1.2392399e+00
   6.1497527e+00   1.2102024e+00
   6.1554130e+00   1.1930168e+00
   6.1610733e+00   1.1838865e+00
   6.1667336e+00   1.1786848e+00
   6.1723939e+00   1.1754395e+00
   6.1780542e+00   1.1731343e+00
   6.1837145e+00   1.1726427e+00
   6.1893747e+00   1.1727707e+00
   6.1950350e+00   1.1733294e+00
   6.2006953e+00   1.1737613e+00
   6.2063556e+00   1.1763610e+00
   6.2120159e+00   1.1803266e+00
   6.2176762e+00   1.1843443e+00
   6.2233364e+00   1.1900741e+00
   6.2289967e+00   1.1992951e+00
   6.2346570e+00   1.2125721e+00
   6.2403173e+00   1.2328532e+00
   6.2459776e+00   1.2695021e+00
   6.2516379e+00   1.3553440e+00
   6.2572982e+00   1.5624466e+00
   6.2629584e+00   1.9951532e+00
   6.2686187e+00   2.6843105e+00
   6.2742790e+00   3.5488774e+00
   6.2799393e+00   4.3962960e+00
   6.2855996e+00   5.1583953e+00
   6.2912599e+00   6.2344577e+00
   6.2969201e+00   7.7610170e+00
   6.3025804e+00   8.7003822e+00
   6.3082407e+00   8.1714611e+00
   6.3139010e+00   6.6390485e+00
   6.3195613e+00   5.2428533e+00
   6.3252216e+00   4.1150709e+00
   6.3308819e+00   3.0329703e+00
   6.3365421e+00   2.1712460e+00
   6.3422024e+00   1.6285562e+00
   6.3478627e+00   1.3766520e+00
   6.3535230e+00   1.2798954e+00
   6.3591833e+00   1.2436284e+00
   6.3648436e+00   1.2286593e+00
   6.3705038e+00   1.2250147e+00
   6.3761641e+00   1.2303263e+00
   6.3818244e+00   1.2403877e+00
   6.3874847e+00   1.2514118e+00
   6.3931450e+00   1.2618333e+00
   6.3988053e+00   1.2727946e+00
   6.4044656e+00   1.2871103e+00
   6.4101258e+00   1.3086360e+00
   6.4157861e+00   1.3397631e+00
   6.4214464e+00   1.3811409e+00
   6.4271067e+00   1.4357875e+00
   6.4327670e+00   1.5069226e+00
   6.4384273e+00   1.5948381e+00
   6.4440875e+00   1.6899139e+00
   6.4497478e+00   1.7871128e+00
   6.4554081e+00   1.8715418e+00
   6.4610684e+00   1.9364569e+00
   6.4667287e+00   1.9821044e+00
   6.4723890e+00   2.0075398e+00
   6.4780492e+00   2.0192269e+00
   6.4837095e+00   2.0340710e+00
   6.4893698e+00   2.0594383e+00
   6.4950301e+00   2.0924276e+00
   6.5006904e+00   2.1309287e+00
   6.5063507e+00   2.1685882e+00
   6.5120110e+00   2.1928444e+00
   6.5176712e+00   2.2027029e+00
   6.5233315e+00   2.2056533e+00
   6.5289918e+00   2.1834784e+00
   6.5346521e+00   2.1406828e+00
   6.5403124e+00   2.1321817e+00
   6.5459727e+00   2.1744285e+00
   6.5516329e+00   2.2579412e+00
   6.5572932e+00   2.3597220e+00
   6.5629535e+00   2.4411560e+00
   6.5686138e+00   2.5083061e+00
   6.5742741e+00   2.6637556e+00
   6.5799344e+00   2.8933476e+00
   6.5855947e+00   2.9437109e+00
   6.5912549e+00   2.7128138e+00
   6.5969152e+00   2.4207501e+00
   6.6025755e+00   2.1662597e+00
   6.6082358e+00   1.8923624e+00
   6.6138961e+00   1.6205942e+00
   6.6195564e+00   1.4118223e+00
   6.6252166e+00   1.2883778e+00
   6.6308769e+00   1.2375149e+00
   6.6365372e+00   1.2248412e+00
   6.6421975e+00   1.2252957e+00
   6.6478578e+00   1.2317584e+00
   6.6535181e+00   1.2427638e+00
   6.6591784e+00   1.2569705e+00
   6.6648386e+00   1.2740040e+00
   6.6704989e+00   1.2922866e+00
   6.6761592e+00   1.3115908e+00
   6.6818195e+00   1.3311603e+00
   6.6874798e+00   1.3517641e+00
   6.6931401e+00   1.3756600e+00
   6.6988003e+00   1.4077151e+00
   6.7044606e+00   1.4560411e+00
   6.7101209e+00   1.5294505e+00
   6.7157812e+00   1.6600619e+00
   6.7214415e+00   1.8890392e+00
   6.7271018e+00   2.2948667e+00
   6.7327621e+00   2.9710375e+00
   6.7384223e+00   3.8599007e+00
   6.7440826e+00   4.9151811e+00
   6.7497429e+00   5.8327763e+00
   6.7554032e+00   6.5341582e+00
   6.7610635e+00   7.0818085e+00
   6.7667238e+00   8.4853797e+00
   6.7723840e+00   1.0904607e+01
   6.7780443e+00   1.2295190e+01
   6.7837046e+00   1.2022092e+01
   6.7893649e+00   1.0066648e+01
   6.7950252e+00   7.5682041e+00
   6.8006855e+00   6.7168683e+00
   6.8063458e+00   6.2361642e+00
   6.8120060e+00   5.5135674e+00
   6.8176663e+00   4.5486152e+00
   6.8233266e+00   3.4883719e+00
   6.8289869e+00   2.6068484e+00
   6.8346472e+00   1.9945112e+00
   6.8403075e+00   1.6428128e+00
   6.8459677e+00   1.4587953e+00
   6.8516280e+00   1.3471973e+00
   6.8572883e+00   1.2839463e+00
   6.8629486e+00   1.2403169e+00
   6.8686089e+00   1.2100756e+00
   6.8742692e+00   1.1868059e+00
   6.8799295e+00   1.1678388e+00
   6.8855897e+00   1.1517395e+00
   6.8912500e+00   1.1391472e+00
   6.8969103e+00   1.1295147e+00
   6.9025706e+00   1.1214920e+00
   6.9082309e+00   1.1139841e+00
   6.9138912e+00   1.1072932e+00
   6.9195514e+00   1.1017003e+00
   6.9252117e+00   1.0959067e+00
   6.9308720e+00   1.0910640e+00
   6.9365323e+00   1.0871291e+00
   6.9421926e+00   1.0838043e+00
   6.9478529e+00   1.0820736e+00
   6.9535131e+00   1.0798462e+00
   6.9591734e+00   1.0772298e+00
   6.9648337e+00   1.0735290e+00
   6.9704940e+00   1.0701806e+00
   6.9761543e+00   1.0682983e+00
   6.9818146e+00   1.0682236e+00
   6.9874749e+00   1.0677921e+00
   6.9931351e+00   1.0657916e+00
   6.9987954e+00   1.0646242e+00
   7.0044557e+00   1.0648939e+00
   7.0101160e+00   1.0653428e+00
   7.0157763e+00   1.0656518e+00
   7.0214366e+00   1.0674616e+00
   7.0270968e+00   1.0652993e+00
   7.0327571e+00   1.0633088e+00
   7.0384174e+00   1.0644786e+00
   7.0440777e+00   1.0664938e+00
   7.0497380e+00   1.0721955e+00
   7.0553983e+00   1.0830094e+00
   7.0610586e+00   1.1005655e+00
   7.0667188e+00   1.1252593e+00
   7.0723791e+00   1.1557998e+00
   7.0780394e+00   1.1877152e+00
   7.0836997e+00   1.2173117e+00
   7.0893600e+00   1.2403525e+00
   7.0950203e+00   1.2560198e+00
   7.1006805e+00   1.2639348e+00
   7.1063408e+00   1.2657664e+00
   7.1120011e+00   1.2609907e+00
   7.1176614e+00   1.2496163e+00
   7.1233217e+00   1.2312439e+00
   7.1289820e+00   1.2074071e+00
   7.1346423e+00   1.1816116e+00
   7.1403025e+00   1.1581392e+00
   7.1459628e+00   1.1432461e+00
   7.1516231e+00   1.1396177e+00
   7.1572834e+00   1.1478200e+00
   7.1629437e+00   1.1684135e+00
   7.1686040e+00   1.1985540e+00
   7.1742642e+00   1.2320777e+00
   7.1799245e+00   1.2652440e+00
   7.1855848e+00   1.2930929e+00
   7.1912451e+00   1.3135940e+00
   7.1969054e+00   1.3256184e+00
   7.2025657e+00   1.3295446e+00
   7.2082260e+00   1.3257731e+00
   7.2138862e+00   1.3130254e+00
   7.2195465e+00   1.2899947e+00
   7.2252068e+00   1.2606182e+00
   7.2308671e+00   1.2271050e+00
   7.2365274e+00   1.1931407e+00
   7.2421877e+00   1.1634037e+00
   7.2478479e+00   1.1397279e+00
   7.2535082e+00   1.1225338e+00
   7.2591685e+00   1.1115219e+00
   7.2648288e+00   1.1059144e+00
   7.2704891e+00   1.1049981e+00
   7.2761494e+00   1.1072154e+00
   7.2818097e+00   1.1096920e+00
   7.2874699e+00   1.1136019e+00
   7.2931302e+00   1.1201906e+00
   7.2987905e+00   1.1310861e+00
   7.3044508e+00   1.1478690e+00
   7.3101111e+00   1.1701849e+00
   7.3157714e+00   1.1979547e+00
   7.3214316e+00   1.2273394e+00
   7.3270919e+00   1.2559761e+00
   7.3327522e+00   1.2827198e+00
   7.3384125e+00   1.3072268e+00
   7.3440728e+00   1.3260152e+00
   7.3497331e+00   1.3512149e+00
   7.3553934e+00   1.3790293e+00
   7.3610536e+00   1.4037098e+00
   7.3667139e+00   1.4321981e+00
   7.3723742e+00   1.4618270e+00
   7.3780345e+00   1.4848887e+00
   7.3836948e+00   1.5042081e+00
   7.3893551e+00   1.5265702e+00
   7.3950153e+00   1.5499677e+00
   7.4006756e+00   1.5625312e+00
   7.4063359e+00   1.5755408e+00
   7.4119962e+00   1.6126293e+00
   7.4176565e+00   1.6738072e+00
   7.4233168e+00   1.7524222e+00
   7.4289770e+00   1.8431784e+00
   7.4346373e+00   1.9411645e+00
   7.4402976e+00   2.0428143e+00
   7.4459579e+00   2.1541159e+00
   7.4516182e+00   2.2837933e+00
   7.4572785e+00   2.4126874e+00
   7.4629388e+00   2.5247063e+00
   7.4685990e+00   2.6177630e+00
   7.4742593e+00   2.6765978e+00
   7.4799196e+00   2.6830542e+00
   7.4855799e+00   2.6439362e+00
   7.4912402e+00   2.5798995e+00
   7.4969005e+00   2.5052529e+00
   7.5025607e+00   2.4383682e+00
   7.5082210e+00   2.4029684e+00
   7.5138813e+00   2.4406730e+00
   7.5195416e+00   5.5466157e+00
   7.5252019e+00   5.4994593e+00
   7.5308622e+00   3.0583807e+00
   7.5365225e+00   3.5191236e+00
   7.5421827e+00   4.0374626e+00
   7.5478430e+00   4.5379755e+00
   7.5535033e+00   4.9455145e+00
   7.5591636e+00   5.3100161e+00
   7.5648239e+00   5.7568623e+00
   7.5704842e+00   6.3786641e+00
   7.5761444e+00   6.9706566e+00
   7.5818047e+00   7.2238932e+00
   7.5874650e+00   7.0344515e+00
   7.5931253e+00   6.6484081e+00
   7.5987856e+00   6.2602659e+00
   7.6044459e+00   5.8034126e+00
   7.6101062e+00   5.3364624e+00
   7.6157664e+00   4.8640047e+00
   7.6214267e+00   4.3060920e+00
   7.6270870e+00   3.6928575e+00
   7.6327473e+00   3.1499051e+00
   7.6384076e+00   2.7705453e+00
   7.6440679e+00   2.5831395e+00
   7.6497281e+00   2.5383961e+00
   7.6553884e+00   2.5647613e+00
   7.6610487e+00   2.6158758e+00
   7.6667090e+00   2.6952140e+00
   7.6723693e+00   2.7691770e+00
   7.6780296e+00   2.7540838e+00
   7.6836899e+00   2.6268057e+00
   7.6893501e+00   2.4485193e+00
   7.6950104e+00   2.2849207e+00
   7.7006707e+00   2.1175037e+00
   7.7063310e+00   1.9312169e+00
   7.7119913e+00   1.7362829e+00
   7.7176516e+00   1.5577905e+00
   7.7233118e+00   1.4105905e+00
   7.7289721e+00   1.3058314e+00
   7.7346324e+00   1.2384246e+00
   7.7402927e+00   1.1981147e+00
   7.7459530e+00   1.1778834e+00
   7.7516133e+00   1.1730821e+00
   7.7572736e+00   1.1808496e+00
   7.7629338e+00   1.2013495e+00
   7.7685941e+00   1.2350874e+00
   7.7742544e+00   1.2779978e+00
   7.7799147e+00   1.3233662e+00
   7.7855750e+00   1.3658516e+00
   7.7912353e+00   1.4021794e+00
   7.7968955e+00   1.4237747e+00
   7.8025558e+00   1.4323949e+00
   7.8082161e+00   1.4328992e+00
   7.8138764e+00   1.4210239e+00
   7.8195367e+00   1.3994329e+00
   7.8251970e+00   1.3711826e+00
   7.8308573e+00   1.3342312e+00
   7.8365175e+00   1.2884529e+00
   7.8421778e+00   1.2392651e+00
   7.8478381e+00   1.1927315e+00
   7.8534984e+00   1.1532350e+00
   7.8591587e+00   1.1222354e+00
   7.8648190e+00   1.0989262e+00
   7.8704792e+00   1.0846993e+00
   7.8761395e+00   1.0765065e+00
   7.8817998e+00   1.0727749e+00
   7.8874601e+00   1.0843272e+00
   7.8931204e+00   1.1113463e+00
   7.8987807e+00   1.1172850e+00
   7.9044409e+00   1.0977916e+00
   7.9101012e+00   1.0857204e+00
   7.9157615e+00   1.1039461e+00
   7.9214218e+00   1.1367940e+00
   7.9270821e+00   1.1311448e+00
   7.9327424e+00   1.0984384e+00
   7.9384027e+00   1.0795201e+00
   7.9440629e+00   1.0729753e+00
   7.9497232e+00   1.0704352e+00
   7.9553835e+00   1.0669137e+00
   7.9610438e+00   1.0658495e+00
   7.9667041e+00   1.0673520e+00
   7.9723644e+00   1.0698521e+00
   7.9780246e+00   1.0723001e+00
   7.9836849e+00   1.0760391e+00
   7.9893452e+00   1.0798555e+00
   7.9950055e+00   1.0853927e+00
   8.0006658e+00   1.0916979e+00
   8.0063261e+00   1.0991169e+00
   8.0119864e+00   1.1084670e+00
   8.0176466e+00   1.1204260e+00
   8.0233069e+00   1.1349800e+00
   8.0289672e+00   1.1530502e+00
   8.0346275e+00   1.1756964e+00
   8.0402878e+00   1.2044529e+00
   8.0459481e+00   1.2381770e+00
   8.0516083e+00   1.2730718e+00
   8.0572686e+00   1.3071880e+00
   8.0629289e+00   1.3394732e+00
   8.0685892e+00   1.3663137e+00
   8.0742495e+00   1.3890130e+00
   8.0799098e+00   1.4098647e+00
   8.0855701e+00   1.4302897e+00
   8.0912303e+00   1.4548731e+00
   8.0968906e+00   1.4868636e+00
   8.1025509e+00   1.5260972e+00
   8.1082112e+00   1.5705529e+00
   8.1138715e+00   1.6165605e+00
   8.1195318e+00   1.6585909e+00
   8.1251920e+00   1.6912010e+00
   8.1308523e+00   1.7114499e+00
   8.1365126e+00   1.7226944e+00
   8.1421729e+00   1.7263467e+00
   8.1478332e+00   1.7151483e+00
   8.1534935e+00   1.6848765e+00
   8.1591538e+00   1.6431952e+00
   8.1648140e+00   1.5913325e+00
   8.1704743e+00   1.5318882e+00
   8.1761346e+00   1.4644730e+00
   8.1817949e+00   1.3944247e+00
   8.1874552e+00   1.3274002e+00
   8.1931155e+00   1.2704327e+00
   8.1987757e+00   1.2282752e+00
   8.2044360e+00   1.2010789e+00
   8.2100963e+00   1.1877148e+00
   8.2157566e+00   1.1865480e+00
   8.2214169e+00   1.2016502e+00
   8.2270772e+00   1.2423002e+00
   8.2327375e+00   1.3258190e+00
   8.2383977e+00   1.4682694e+00
   8.2440580e+00   1.6835502e+00
   8.2497183e+00   1.9576093e+00
   8.2553786e+00   2.2730582e+00
   8.2610389e+00   2.5805383e+00
   8.2666992e+00   2.8472735e+00
   8.2723594e+00   3.0836861e+00
   8.2780197e+00   3.3590224e+00
   8.2836800e+00   3.6587401e+00
   8.2893403e+00   3.8269296e+00
   8.2950006e+00   3.7931698e+00
   8.3006609e+00   3.6036379e+00
   8.3063212e+00   3.4064773e+00
   8.3119814e+00   3.2641969e+00
   8.3176417e+00   3.1832974e+00
   8.3233020e+00   3.1256420e+00
   8.3289623e+00   3.0657691e+00
   8.3346226e+00   2.9829240e+00
   8.3402829e+00   2.8581101e+00
   8.3459431e+00   2.6919663e+00
   8.3516034e+00   2.4912892e+00
   8.3572637e+00   2.2810134e+00
   8.3629240e+00   2.0841948e+00
   8.3685843e+00   1.9183458e+00
   8.3742446e+00   1.7893072e+00
   8.3799048e+00   1.6866962e+00
   8.3855651e+00   1.6107022e+00
   8.3912254e+00   1.5579583e+00
   8.3968857e+00   1.5290976e+00
   8.4025460e+00   1.5228678e+00
   8.4082063e+00   1.5323041e+00
   8.4138666e+00   1.5478183e+00
   8.4195268e+00   1.5630332e+00
   8.4251871e+00   1.5772623e+00
   8.4308474e+00   1.5912870e+00
   8.4365077e+00   1.6042445e+00
   8.4421680e+00   1.6216298e+00
   8.4478283e+00   1.6620859e+00
   8.4534885e+00   1.7274822e+00
   8.4591488e+00   1.8093601e+00
   8.4648091e+00   1.8924999e+00
   8.4704694e+00   1.9657080e+00
   8.4761297e+00   2.0224733e+00
   8.4817900e+00   2.0668605e+00
   8.4874503e+00   2.1265151e+00
   8.4931105e+00   2.2375571e+00
   8.4987708e+00   2.3796874e+00
   8.5044311e+00   2.4812694e+00
   8.5100914e+00   2.5001574e+00
   8.5157517e+00   2.4410636e+00
   8.5214120e+00   2.3613886e+00
   8.5270722e+00   2.2742637e+00
   8.5327325e+00   2.1533380e+00
   8.5383928e+00   2.0226272e+00
   8.5440531e+00   1.8919276e+00
   8.5497134e+00   1.7920552e+00
   8.5553737e+00   1.7309268e+00
   8.5610340e+00   1.7005817e+00
   8.5666942e+00   1.6878933e+00
   8.5723545e+00   1.6872998e+00
   8.5780148e+00   1.6904453e+00
   8.5836751e+00   1.6893891e+00
   8.5893354e+00   1.6803780e+00
   8.5949957e+00   1.6631449e+00
   8.6006559e+00   1.6425709e+00
   8.6063162e+00   1.6242708e+00
   8.6119765e+00   1.6099405e+00
   8.6176368e+00   1.5974869e+00
   8.6232971e+00   1.5827250e+00
   8.6289574e+00   1.5625113e+00
   8.6346177e+00   1.5390491e+00
   8.6402779e+00   1.5116772e+00
   8.6459382e+00   1.4832180e+00
   8.6515985e+00   1.4541755e+00
   8.6572588e+00   1.4288123e+00
   8.6629191e+00   1.4077785e+00
   8.6685794e+00   1.3911196e+00
   8.6742396e+00   1.3793939e+00
   8.6798999e+00   1.3689298e+00
   8.6855602e+00   1.3591094e+00
   8.6912205e+00   1.3506467e+00
   8.6968808e+00   1.3421681e+00
   8.7025411e+00   1.3334518e+00
   8.7082014e+00   1.3248564e+00
   8.7138616e+00   1.3145930e+00
   8.7195219e+00   1.3026933e+00
   8.7251822e+00   1.2887499e+00
   8.7308425e+00   1.2732481e+00
   8.7365028e+00   1.2552715e+00
   8.7421631e+00   1.2381359e+00
   8.7478233e+00   1.2225076e+00
   8.7534836e+00   1.2122323e+00
   8.7591439e+00   1.2081151e+00
   8.7648042e+00   1.2128907e+00
   8.7704645e+00   1.2259070e+00
   8.7761248e+00   1.2489761e+00
   8.7817851e+00   1.2792337e+00
   8.7874453e+00   1.3136282e+00
   8.7931056e+00   1.3462539e+00
   8.7987659e+00   1.3732355e+00
   8.8044262e+00   1.3934266e+00
   8.8100865e+00   1.4070485e+00
   8.8157468e+00   1.4168871e+00
   8.8214070e+00   1.4213627e+00
   8.8270673e+00   1.4227506e+00
   8.8327276e+00   1.4216266e+00
   8.8383879e+00   1.4170955e+00
   8.8440482e+00   1.4044481e+00
   8.8497085e+00   1.3832650e+00
   8.8553687e+00   1.3588059e+00
   8.8610290e+00   1.3392249e+00
   8.8666893e+00   1.3300190e+00
   8.8723496e+00   1.3343213e+00
   8.8780099e+00   1.3543942e+00
   8.8836702e+00   1.3890509e+00
   8.8893305e+00   1.4455165e+00
   8.8949907e+00   1.5428429e+00
   8.9006510e+00   1.7088705e+00
   8.9063113e+00   1.9641524e+00
   8.9119716e+00   2.3229321e+00
   8.9176319e+00   2.7611407e+00
   8.9232922e+00   3.2287936e+00
   8.9289524e+00   3.6653676e+00
   8.9346127e+00   3.9992015e+00
   8.9402730e+00   4.2075248e+00
   8.9459333e+00   4.3513090e+00
   8.9515936e+00   4.7431537e+00
   8.9572539e+00   5.6026818e+00
   8.9629142e+00   6.6889482e+00
   8.9685744e+00   7.5631245e+00
   8.9742347e+00   7.8305275e+00
   8.9798950e+00   7.4013265e+00
   8.9855553e+00   6.3728690e+00
   8.9912156e+00   5.1758632e+00
   8.9968759e+00   4.5073411e+00
   9.0025361e+00   4.2743856e+00
   9.0081964e+00   4.1017192e+00
   9.0138567e+00   3.8196740e+00
   9.0195170e+00   3.4125834e+00
   9.0251773e+00   2.9271472e+00
   9.0308376e+00   2.4563621e+00
   9.0364979e+00   2.0516380e+00
   9.0421581e+00   1.7678287e+00
   9.0478184e+00   1.5991235e+00
   9.0534787e+00   1.5135061e+00
   9.0591390e+00   1.4757178e+00
   9.0647993e+00   1.4599083e+00
   9.0704596e+00   1.4524552e+00
   9.0761198e+00   1.4479768e+00
   9.0817801e+00   1.4426039e+00
   9.0874404e+00   1.4323374e+00
   9.0931007e+00   1.4159734e+00
   9.0987610e+00   1.3971820e+00
   9.1044213e+00   1.3776205e+00
   9.1100816e+00   1.3745152e+00
   9.1157418e+00   1.3764580e+00
   9.1214021e+00   1.3649016e+00
   9.1270624e+00   1.3247912e+00
   9.1327227e+00   1.2756723e+00
   9.1383830e+00   1.2354079e+00
   9.1440433e+00   1.2316089e+00
   9.1497035e+00   1.2156694e+00
   9.1553638e+00   1.1875722e+00
   9.1610241e+00   1.1724381e+00
   9.1666844e+00   1.1479380e+00
   9.1723447e+00   1.1219170e+00
   9.1780050e+00   1.0866651e+00
   9.1836653e+00   1.0695593e+00
   9.1893255e+00   1.0653672e+00
   9.1949858e+00   1.0623374e+00
   9.2006461e+00   1.0617953e+00
   9.2063064e+00   1.0609487e+00
   9.2119667e+00   1.0602606e+00
   9.2176270e+00   1.0596171e+00
   9.2232872e+00   1.0591218e+00
   9.2289475e+00   1.0590914e+00
   9.2346078e+00   1.0607251e+00
   9.2402681e+00   1.0648038e+00
   9.2459284e+00   1.0724614e+00
   9.2515887e+00   1.0876744e+00
   9.2572490e+00   1.1159312e+00
   9.2629092e+00   1.1585020e+00
   9.2685695e+00   1.2164053e+00
   9.2742298e+00   1.2842310e+00
   9.2798901e+00   1.3542476e+00
   9.2855504e+00   1.4188554e+00
   9.2912107e+00   1.4710351e+00
   9.2968709e+00   1.5174026e+00
   9.3025312e+00   1.5680023e+00
   9.3081915e+00   1.6315557e+00
   9.3138518e+00   1.6963058e+00
   9.3195121e+00   1.7349995e+00
   9.3251724e+00   1.7311578e+00
   9.3308327e+00   1.6867314e+00
   9.3364929e+00   1.6299310e+00
   9.3421532e+00   1.5593159e+00
   9.3478135e+00   1.4826947e+00
   9.3534738e+00   1.3986243e+00
   9.3591341e+00   1.3305388e+00
   9.3647944e+00   1.2643806e+00
   9.3704546e+00   1.2069178e+00
   9.3761149e+00   1.1861423e+00
   9.3817752e+00   1.1869529e+00
   9.3874355e+00   1.2018069e+00
   9.3930958e+00   1.2240084e+00
   9.3987561e+00   1.2495378e+00
   9.4044163e+00   1.2761752e+00
   9.4100766e+00   1.3083157e+00
   9.4157369e+00   1.3325860e+00
   9.4213972e+00   1.3510350e+00
   9.4270575e+00   1.3689392e+00
   9.4327178e+00   1.3836105e+00
   9.4383781e+00   1.3832719e+00
   9.4440383e+00   1.3753427e+00
   9.4496986e+00   1.3645207e+00
   9.4553589e+00   1.3518812e+00
   9.4610192e+00   1.3342071e+00
   9.4666795e+00   1.3118249e+00
   9.4723398e+00   1.2875534e+00
   9.4780000e+00   1.2616657e+00
   9.4836603e+00   1.2359839e+00
   9.4893206e+00   1.2121503e+00
   9.4949809e+00   1.1890244e+00
   9.5006412e+00   1.1691795e+00
   9.5063015e+00   1.1553991e+00
   9.5119618e+00   1.1457566e+00
   9.5176220e+00   1.1439018e+00
   9.5232823e+00   1.1511919e+00
   9.5289426e+00   1.1674727e+00
   9.5346029e+00   1.1918676e+00
   9.5402632e+00   1.2247251e+00
   9.5459235e+00   1.2620695e+00
   9.5515837e+00   1.2970375e+00
   9.5572440e+00   1.3265264e+00
   9.5629043e+00   1.3497780e+00
   9.5685646e+00   1.3650382e+00
   9.5742249e+00   1.3704331e+00
   9.5798852e+00   1.3719370e+00
   9.5855455e+00   1.3761822e+00
   9.5912057e+00   1.3831149e+00
   9.5968660e+00   1.3913495e+00
   9.6025263e+00   1.3976251e+00
   9.6081866e+00   1.4030129e+00
   9.6138469e+00   1.4065381e+00
   9.6195072e+00   1.4091966e+00
   9.6251674e+00   1.4089985e+00
   9.6308277e+00   1.4003997e+00
   9.6364880e+00   1.3799366e+00
   9.6421483e+00   1.3478042e+00
   9.6478086e+00   1.3082498e+00
   9.6534689e+00   1.2670097e+00
   9.6591292e+00   1.2267751e+00
   9.6647894e+00   1.1912249e+00
   9.6704497e+00   1.1639118e+00
   9.6761100e+00   1.1461785e+00
   9.6817703e+00   1.1375053e+00
   9.6874306e+00   1.1374305e+00
   9.6930909e+00   1.1425466e+00
   9.6987511e+00   1.1518943e+00
   9.7044114e+00   1.1680441e+00
   9.7100717e+00   1.1853528e+00
   9.7157320e+00   1.2025807e+00
   9.7213923e+00   1.2203808e+00
   9.7270526e+00   1.2332542e+00
   9.7327129e+00   1.2423321e+00
   9.7383731e+00   1.2521687e+00
   9.7440334e+00   1.2605749e+00
   9.7496937e+00   1.2659865e+00
   9.7553540e+00   1.2711071e+00
   9.7610143e+00   1.2786003e+00
   9.7666746e+00   1.2874143e+00
   9.7723348e+00   1.2976794e+00
   9.7779951e+00   1.3054878e+00
   9.7836554e+00   1.3113377e+00
   9.7893157e+00   1.3192140e+00
   9.7949760e+00   1.3307820e+00
   9.8006363e+00   1.3486488e+00
   9.8062966e+00   1.3726260e+00
   9.8119568e+00   1.4035414e+00
   9.8176171e+00   1.4439574e+00
   9.8232774e+00   1.4969909e+00
   9.8289377e+00   1.5569774e+00
   9.8345980e+00   1.6174530e+00
   9.8402583e+00   1.6776953e+00
   9.8459185e+00   1.7312755e+00
   9.8515788e+00   1.7701047e+00
   9.8572391e+00   1.7940737e+00
   9.8628994e+00   1.8089941e+00
   9.8685597e+00   1.8239122e+00
   9.8742200e+00   1.8372898e+00
   9.8798802e+00   1.8515362e+00
   9.8855405e+00   1.8581074e+00
   9.8912008e+00   1.8427452e+00
   9.8968611e+00   1.7957918e+00
   9.9025214e+00   1.7272375e+00
   9.9081817e+00   1.6481611e+00
   9.9138420e+00   1.5636646e+00
   9.9195022e+00   1.4756965e+00
   9.9251625e+00   1.3915830e+00
   9.9308228e+00   1.3206710e+00
   9.9364831e+00   1.2642948e+00
   9.9421434e+00   1.2277396e+00
   9.9478037e+00   1.2079513e+00
   9.9534639e+00   1.1999530e+00
   9.9591242e+00   1.1977334e+00
   9.9647845e+00   1.1951069e+00
   9.9704448e+00   1.1906800e+00
   9.9761051e+00   1.1869697e+00
   9.9817654e+00   1.1839381e+00
   9.9874257e+00   1.1807809e+00
   9.9930859e+00   1.1762480e+00
   9.9987462e+00   1.1715313e+00
   1.0004407e+01   1.1681736e+00
   1.0010067e+01   1.1654962e+00
   1.0015727e+01   1.1647021e+00
   1.0021387e+01   1.1649486e+00
   1.0027048e+01   1.1669152e+00
   1.0032708e+01   1.1697688e+00
   1.0038368e+01   1.1733580e+00
   1.0044029e+01   1.1769922e+00
   1.0049689e+01   1.1821762e+00
   1.0055349e+01   1.1864097e+00
   1.0061009e+01   1.1901858e+00
   1.0066670e+01   1.1924035e+00
   1.0072330e+01   1.1985152e+00
   1.0077990e+01   1.2115172e+00
   1.0083650e+01   1.2333767e+00
   1.0089311e+01   1.2736714e+00
   1.0094971e+01   1.3369110e+00
   1.0100631e+01   1.4336896e+00
   1.0106292e+01   1.5718948e+00
   1.0111952e+01   1.7494716e+00
   1.0117612e+01   1.9542437e+00
   1.0123272e+01   2.1702348e+00
   1.0128933e+01   2.3773490e+00
   1.0134593e+01   2.5546226e+00
   1.0140253e+01   2.6920907e+00
   1.0145914e+01   2.7894119e+00
   1.0151574e+01   2.8640863e+00
   1.0157234e+01   2.9455060e+00
   1.0162894e+01   3.1008627e+00
   1.0168555e+01   3.3558102e+00
   1.0174215e+01   3.5806918e+00
   1.0179875e+01   3.6596171e+00
   1.0185536e+01   3.5448196e+00
   1.0191196e+01   3.2879432e+00
   1.0196856e+01   3.0210666e+00
   1.0202516e+01   2.8497594e+00
   1.0208177e+01   2.7530031e+00
   1.0213837e+01   2.6655901e+00
   1.0219497e+01   2.5533212e+00
   1.0225158e+01   2.3987391e+00
   1.0230818e+01   2.2122310e+00
   1.0236478e+01   1.9996880e+00
   1.0242138e+01   1.7819128e+00
   1.0247799e+01   1.5896236e+00
   1.0253459e+01   1.4427740e+00
   1.0259119e+01   1.3421346e+00
   1.0264780e+01   1.2862613e+00
   1.0270440e+01   1.2593652e+00
   1.0276100e+01   1.2529948e+00
   1.0281760e+01   1.2614528e+00
   1.0287421e+01   1.2741753e+00
   1.0293081e+01   1.2863708e+00
   1.0298741e+01   1.3010091e+00
   1.0304402e+01   1.3124854e+00
   1.0310062e+01   1.3191964e+00
   1.0315722e+01   1.3248741e+00
   1.0321382e+01   1.3261889e+00
   1.0327043e+01   1.3228526e+00
   1.0332703e+01   1.3147691e+00
   1.0338363e+01   1.3035142e+00
   1.0344024e+01   1.2899448e+00
   1.0349684e+01   1.2740733e+00
   1.0355344e+01   1.2570359e+00
   1.0361004e+01   1.2384999e+00
   1.0366665e+01   1.2199521e+00
   1.0372325e+01   1.2038722e+00
   1.0377985e+01   1.1906671e+00
   1.0383646e+01   1.1793408e+00
   1.0389306e+01   1.1722034e+00
   1.0394966e+01   1.1691615e+00
   1.0400626e+01   1.1683770e+00
   1.0406287e+01   1.1700937e+00
   1.0411947e+01   1.1692879e+00
   1.0417607e+01   1.1640306e+00
   1.0423268e+01   1.1573294e+00
   1.0428928e+01   1.1497432e+00
   1.0434588e+01   1.1427306e+00
   1.0440248e+01   1.1352005e+00
   1.0445909e+01   1.1259434e+00
   1.0451569e+01   1.1150140e+00
   1.0457229e+01   1.1064176e+00
   1.0462890e+01   1.0969996e+00
   1.0468550e+01   1.0867436e+00
   1.0474210e+01   1.0787624e+00
   1.0479870e+01   1.0717624e+00
   1.0485531e+01   1.0648249e+00
   1.0491191e+01   1.0598129e+00
   1.0496851e+01   1.0571523e+00
   1.0502512e+01   1.0553399e+00
   1.0508172e+01   1.0548227e+00
   1.0513832e+01   1.0559178e+00
   1.0519492e+01   1.0567346e+00
   1.0525153e+01   1.0564380e+00
   1.0530813e+01   1.0571237e+00
   1.0536473e+01   1.0606789e+00
   1.0542134e+01   1.0644868e+00
   1.0547794e+01   1.0709043e+00
   1.0553454e+01   1.0781885e+00
   1.0559114e+01   1.0884003e+00
   1.0564775e+01   1.1052710e+00
   1.0570435e+01   1.1234874e+00
   1.0576095e+01   1.1401598e+00
   1.0581756e+01   1.1573797e+00
   1.0587416e+01   1.1770797e+00
   1.0593076e+01   1.2000607e+00
   1.0598736e+01   1.2270329e+00
   1.0604397e+01   1.2526993e+00
   1.0610057e+01   1.2804966e+00
   1.0615717e+01   1.3099259e+00
   1.0621378e+01   1.3466344e+00
   1.0627038e+01   1.3826708e+00
   1.0632698e+01   1.4166435e+00
   1.0638358e+01   1.4355531e+00
   1.0644019e+01   1.4559672e+00
   1.0649679e+01   1.5004663e+00
   1.0655339e+01   1.5722578e+00
   1.0661000e+01   1.6390783e+00
   1.0666660e+01   1.6992097e+00
   1.0672320e+01   1.7513538e+00
   1.0677980e+01   1.7952503e+00
   1.0683641e+01   1.8339872e+00
   1.0689301e+01   1.8782620e+00
   1.0694961e+01   1.9488838e+00
   1.0700622e+01   1.9717459e+00
   1.0706282e+01   1.9368683e+00
   1.0711942e+01   1.9652593e+00
   1.0717602e+01   2.0172657e+00
   1.0723263e+01   2.0937732e+00
   1.0728923e+01   2.1580918e+00
   1.0734583e+01   2.1680184e+00
   1.0740243e+01   2.1282904e+00
   1.0745904e+01   2.0685914e+00
   1.0751564e+01   2.0206639e+00
   1.0757224e+01   1.9905988e+00
   1.0762885e+01   1.9688870e+00
   1.0768545e+01   1.9437705e+00
   1.0774205e+01   1.9086735e+00
   1.0779865e+01   1.8639866e+00
   1.0785526e+01   1.8049936e+00
   1.0791186e+01   1.7313696e+00
   1.0796846e+01   1.6460251e+00
   1.0802507e+01   1.5595918e+00
   1.0808167e+01   1.4856763e+00
   1.0813827e+01   1.4262940e+00
   1.0819487e+01   1.3860098e+00
   1.0825148e+01   1.3541808e+00
   1.0830808e+01   1.3284264e+00
   1.0836468e+01   1.3067325e+00
   1.0842129e+01   1.2886240e+00
   1.0847789e+01   1.2722837e+00
   1.0853449e+01   1.2558653e+00
   1.0859109e+01   1.2396274e+00
   1.0864770e+01   1.2227198e+00
   1.0870430e+01   1.2057386e+00
   1.0876090e+01   1.1897401e+00
   1.0881751e+01   1.1738764e+00
   1.0887411e+01   1.1560935e+00
   1.0893071e+01   1.1432846e+00
   1.0898731e+01   1.1328923e+00
   1.0904392e+01   1.1257662e+00
   1.0910052e+01   1.1196155e+00
   1.0915712e+01   1.1166989e+00
   1.0921373e+01   1.1174853e+00
   1.0927033e+01   1.1176875e+00
   1.0932693e+01   1.1167232e+00
   1.0938353e+01   1.1191995e+00
   1.0944014e+01   1.1230834e+00
   1.0949674e+01   1.1279799e+00
   1.0955334e+01   1.1334233e+00
   1.0960995e+01   1.1412276e+00
   1.0966655e+01   1.1479241e+00
   1.0972315e+01   1.1549290e+00
   1.0977975e+01   1.1679614e+00
   1.0983636e+01   1.1827332e+00
   1.0989296e+01   1.1930372e+00
   1.0994956e+01   1.2040723e+00
   1.1000617e+01   1.2178591e+00
   1.1006277e+01   1.2305743e+00
   1.1011937e+01   1.2397458e+00
   1.1017597e+01   1.2488801e+00
   1.1023258e+01   1.2577489e+00
   1.1028918e+01   1.2649134e+00
   1.1034578e+01   1.2722828e+00
   1.1040239e+01   1.2737654e+00
   1.1045899e+01   1.2747159e+00
   1.1051559e+01   1.2745653e+00
   1.1057219e+01   1.2709628e+00
   1.1062880e+01   1.2666723e+00
   1.1068540e+01   1.2654031e+00
   1.1074200e+01   1.2600821e+00
   1.1079861e+01   1.2529882e+00
   1.1085521e+01   1.2423180e+00
   1.1091181e+01   1.2256038e+00
   1.1096841e+01   1.2185515e+00
   1.1102502e+01   1.2118151e+00
   1.1108162e+01   1.2044913e+00
   1.1113822e+01   1.2014502e+00
   1.1119483e+01   1.1991621e+00
   1.1125143e+01   1.1968742e+00
   1.1130803e+01   1.1938343e+00
   1.1136463e+01   1.1989882e+00
   1.1142124e+01   1.2040393e+00
   1.1147784e+01   1.2113383e+00
   1.1153444e+01   1.2189911e+00
   1.1159105e+01   1.2253101e+00
   1.1164765e+01   1.2324144e+00
   1.1170425e+01   1.2497482e+00
   1.1176085e+01   1.2759142e+00
   1.1181746e+01   1.3146268e+00
   1.1187406e+01   1.3655509e+00
   1.1193066e+01   1.4298842e+00
   1.1198727e+01   1.5078292e+00
   1.1204387e+01   1.5898688e+00
   1.1210047e+01   1.6756499e+00
   1.1215707e+01   1.7581056e+00
   1.1221368e+01   1.8395489e+00
   1.1227028e+01   1.9140704e+00
   1.1232688e+01   1.9796244e+00
   1.1238349e+01   2.0327536e+00
   1.1244009e+01   2.0916880e+00
   1.1249669e+01   2.1569148e+00
   1.1255329e+01   2.2156204e+00
   1.1260990e+01   2.2507345e+00
   1.1266650e+01   2.2590441e+00
   1.1272310e+01   2.2435391e+00
   1.1277971e+01   2.2004906e+00
   1.1283631e+01   2.1407550e+00
   1.1289291e+01   2.0716641e+00
   1.1294951e+01   1.9958872e+00
   1.1300612e+01   1.9076715e+00
   1.1306272e+01   1.8096563e+00
   1.1311932e+01   1.7069656e+00
   1.1317593e+01   1.6121920e+00
   1.1323253e+01   1.5291364e+00
   1.1328913e+01   1.4602113e+00
   1.1334573e+01   1.4082595e+00
   1.1340234e+01   1.3747947e+00
   1.1345894e+01   1.3527079e+00
   1.1351554e+01   1.3441310e+00
   1.1357215e+01   1.3528183e+00
   1.1362875e+01   1.3720069e+00
   1.1368535e+01   1.3997990e+00
   1.1374195e+01   1.4291663e+00
   1.1379856e+01   1.4608939e+00
   1.1385516e+01   1.4924003e+00
   1.1391176e+01   1.5187443e+00
   1.1396837e+01   1.5421739e+00
   1.1402497e+01   1.5698591e+00
   1.1408157e+01   1.5907719e+00
   1.1413817e+01   1.6066046e+00
   1.1419478e+01   1.6194849e+00
   1.1425138e+01   1.6306143e+00
   1.1430798e+01   1.6287057e+00
   1.1436458e+01   1.6135970e+00
   1.1442119e+01   1.5887322e+00
   1.1447779e+01   1.5587500e+00
   1.1453439e+01   1.5230305e+00
   1.1459100e+01   1.4852618e+00
   1.1464760e+01   1.4477912e+00
   1.1470420e+01   1.4112336e+00
   1.1476080e+01   1.3796192e+00
   1.1481741e+01   1.3542627e+00
   1.1487401e+01   1.3364041e+00
   1.1493061e+01   1.3251416e+00
   1.1498722e+01   1.3192785e+00
   1.1504382e+01   1.3173393e+00
   1.1510042e+01   1.3290697e+00
   1.1515702e+01   1.3367216e+00
   1.1521363e+01   1.3324980e+00
   1.1527023e+01   1.3272848e+00
   1.1532683e+01   1.3350302e+00
   1.1538344e+01   1.3449690e+00
   1.1544004e+01   1.3548904e+00
   1.1549664e+01   1.3586437e+00
   1.1555324e+01   1.3540079e+00
   1.1560985e+01   1.3550799e+00
   1.1566645e+01   1.3496300e+00
   1.1572305e+01   1.3570414e+00
   1.1577966e+01   1.3637800e+00
   1.1583626e+01   1.3602320e+00
   1.1589286e+01   1.3537562e+00
   1.1594946e+01   1.3593908e+00
   1.1600607e+01   1.3694751e+00
   1.1606267e+01   1.3737553e+00
   1.1611927e+01   1.3760713e+00
   1.1617588e+01   1.3832225e+00
   1.1623248e+01   1.3999767e+00
   1.1628908e+01   1.4121918e+00
   1.1634568e+01   1.4140746e+00
   1.1640229e+01   1.4245175e+00
   1.1645889e+01   1.4421582e+00
   1.1651549e+01   1.4603798e+00
   1.1657210e+01   1.4746100e+00
   1.1662870e+01   1.4935115e+00
   1.1668530e+01   1.5213009e+00
   1.1674190e+01   1.5552260e+00
   1.1679851e+01   1.5981348e+00
   1.1685511e+01   1.6411667e+00
   1.1691171e+01   1.6942301e+00
   1.1696832e+01   1.7673695e+00
   1.1702492e+01   1.8357772e+00
   1.1708152e+01   1.8876035e+00
   1.1713812e+01   1.9349891e+00
   1.1719473e+01   1.9813129e+00
   1.1725133e+01   2.0222150e+00
   1.1730793e+01   2.0484947e+00
   1.1736454e+01   2.0598882e+00
   1.1742114e+01   2.0633997e+00
   1.1747774e+01   2.0566605e+00
   1.1753434e+01   2.0534702e+00
   1.1759095e+01   2.0574208e+00
   1.1764755e+01   2.0625372e+00
   1.1770415e+01   2.0700178e+00
   1.1776076e+01   2.0753078e+00
   1.1781736e+01   2.0769596e+00
   1.1787396e+01   2.0930186e+00
   1.1793056e+01   2.1496899e+00
   1.1798717e+01   2.1840732e+00
   1.1804377e+01   2.1409757e+00
   1.1810037e+01   2.0769730e+00
   1.1815698e+01   2.0412771e+00
   1.1821358e+01   2.0152229e+00
   1.1827018e+01   1.9832930e+00
   1.1832678e+01   1.9501626e+00
   1.1838339e+01   1.9259520e+00
   1.1843999e+01   1.9085772e+00
   1.1849659e+01   1.8993926e+00
   1.1855320e+01   1.8948772e+00
   1.1860980e+01   1.9003363e+00
   1.1866640e+01   1.9063192e+00
   1.1872300e+01   1.9295664e+00
   1.1877961e+01   1.9468037e+00
   1.1883621e+01   1.9658956e+00
   1.1889281e+01   1.9901176e+00
   1.1894942e+01   2.0252357e+00
   1.1900602e+01   2.0506258e+00
   1.1906262e+01   2.0686479e+00
   1.1911922e+01   2.1024555e+00
   1.1917583e+01   2.1258786e+00
   1.1923243e+01   2.1622505e+00
   1.1928903e+01   2.2070315e+00
   1.1934564e+01   2.2507589e+00
   1.1940224e+01   2.2964260e+00
   1.1945884e+01   2.3484701e+00
   1.1951544e+01   2.4216410e+00
   1.1957205e+01   2.5351176e+00
   1.1962865e+01   2.6380963e+00
   1.1968525e+01   2.7489722e+00
   1.1974186e+01   2.9055535e+00
   1.1979846e+01   3.0959641e+00
   1.1985506e+01   3.3452988e+00
   1.1991166e+01   3.6339304e+00
   1.1996827e+01   4.0431153e+00
   1.2002487e+01   4.7150651e+00
   1.2008147e+01   6.1418641e+00
   1.2013808e+01   1.0104148e+01
