   4.2720509e-01   4.4312649e+00
   4.3286538e-01   1.7510156e+00
   4.3852566e-01   1.1593077e+00
   4.4418594e-01   9.5514516e-01
   4.4984623e-01   8.5432315e-01
   4.5550651e-01   7.7842767e-01
   4.6116680e-01   7.4122089e-01
   4.6682708e-01   7.1480513e-01
   4.7248737e-01   7.1158449e-01
   4.7814765e-01   7.1553834e-01
   4.8380794e-01   7.1500005e-01
   4.8946822e-01   7.4154647e-01
   4.9512850e-01   7.5764383e-01
   5.0078879e-01   7.8689747e-01
   5.0644907e-01   8.1648903e-01
   5.1210936e-01   8.4155095e-01
   5.1776964e-01   8.7657709e-01
   5.2342993e-01   8.9929711e-01
   5.2909021e-01   9.3466677e-01
   5.3475050e-01   9.5478625e-01
   5.4041078e-01   9.7529541e-01
   5.4607107e-01   9.9013853e-01
   5.5173135e-01   9.9494366e-01
   5.5739163e-01   1.0080015e+00
   5.6305192e-01   1.0056065e+00
   5.6871220e-01   1.0191150e+00
   5.7437249e-01   1.0174812e+00
   5.8003277e-01   1.0226208e+00
   5.8569306e-01   1.0261794e+00
   5.9135334e-01   1.0253250e+00
   5.9701363e-01   1.0342265e+00
   6.0267391e-01   1.0291632e+00
   6.0833420e-01   1.0418808e+00
   6.1399448e-01   1.0384759e+00
   6.1965476e-01   1.0418505e+00
   6.2531505e-01   1.0512454e+00
   6.3097533e-01   1.0495719e+00
   6.3663562e-01   1.0583105e+00
   6.4229590e-01   1.0515217e+00
   6.4795619e-01   1.0622133e+00
   6.5361647e-01   1.0616808e+00
   6.5927676e-01   1.0659039e+00
   6.6493704e-01   1.0668263e+00
   6.7059733e-01   1.0592172e+00
   6.7625761e-01   1.0662291e+00
   6.8191789e-01   1.0623687e+00
   6.8757818e-01   1.0709063e+00
   6.9323846e-01   1.0648729e+00
   6.9889875e-01   1.0641271e+00
   7.0455903e-01   1.0673467e+00
   7.1021932e-01   1.0646878e+00
   7.1587960e-01   1.0726243e+00
   7.2153989e-01   1.0672608e+00
   7.2720017e-01   1.0731962e+00
   7.3286046e-01   1.0693349e+00
   7.3852074e-01   1.0707285e+00
   7.4418102e-01   1.0769255e+00
   7.4984131e-01   1.0754123e+00
   7.5550159e-01   1.0834456e+00
   7.6116188e-01   1.0791323e+00
   7.6682216e-01   1.0812833e+00
   7.7248245e-01   1.0824489e+00
   7.7814273e-01   1.0853044e+00
   7.8380302e-01   1.0932098e+00
   7.8946330e-01   1.0905747e+00
   7.9512358e-01   1.0993631e+00
   8.0078387e-01   1.0997256e+00
   8.0644415e-01   1.1107074e+00
   8.1210444e-01   1.1110607e+00
   8.1776472e-01   1.1119287e+00
   8.2342501e-01   1.1123382e+00
   8.2908529e-01   1.1120261e+00
   8.3474558e-01   1.1237648e+00
   8.4040586e-01   1.1216720e+00
   8.4606615e-01   1.1305192e+00
   8.5172643e-01   1.1325179e+00
   8.5738671e-01   1.1357975e+00
   8.6304700e-01   1.1439050e+00
   8.6870728e-01   1.1431311e+00
   8.7436757e-01   1.1525086e+00
   8.8002785e-01   1.1500462e+00
   8.8568814e-01   1.1563793e+00
   8.9134842e-01   1.1606085e+00
   8.9700871e-01   1.1657371e+00
   9.0266899e-01   1.1747263e+00
   9.0832928e-01   1.1740331e+00
   9.1398956e-01   1.1922113e+00
   9.1964984e-01   1.2464891e+00
   9.2531013e-01   1.2842317e+00
   9.3097041e-01   1.3315977e+00
   9.3663070e-01   1.3148255e+00
   9.4229098e-01   1.3242543e+00
   9.4795127e-01   1.3046294e+00
   9.5361155e-01   1.3366823e+00
   9.5927184e-01   1.2773763e+00
   9.6493212e-01   1.2491848e+00
   9.7059241e-01   1.2432018e+00
   9.7625269e-01   1.2414108e+00
   9.8191297e-01   1.2474031e+00
   9.8757326e-01   1.2505231e+00
   9.9323354e-01   1.2608681e+00
   9.9889383e-01   1.2656451e+00
   1.0045541e+00   1.2692143e+00
   1.0102144e+00   1.2803400e+00
   1.0158747e+00   1.2857291e+00
   1.0215350e+00   1.2983555e+00
   1.0271953e+00   1.3019452e+00
   1.0328555e+00   1.3153840e+00
   1.0385158e+00   1.3300266e+00
   1.0441761e+00   1.3465957e+00
   1.0498364e+00   1.3748581e+00
   1.0554967e+00   1.4030239e+00
   1.0611570e+00   1.4504283e+00
   1.0668172e+00   1.5207231e+00
   1.0724775e+00   1.6468304e+00
   1.0781378e+00   1.9180406e+00
   1.0837981e+00   2.3472227e+00
   1.0894584e+00   2.8279834e+00
   1.0951187e+00   2.8541935e+00
   1.1007789e+00   2.4535724e+00
   1.1064392e+00   1.9678002e+00
   1.1120995e+00   1.7121531e+00
   1.1177598e+00   1.5870897e+00
   1.1234201e+00   1.5368018e+00
   1.1290804e+00   1.5187050e+00
   1.1347407e+00   1.5075689e+00
   1.1404009e+00   1.5080866e+00
   1.1460612e+00   1.5075652e+00
   1.1517215e+00   1.5107935e+00
   1.1573818e+00   1.5157061e+00
   1.1630421e+00   1.5178063e+00
   1.1687024e+00   1.5291401e+00
   1.1743626e+00   1.5321407e+00
   1.1800229e+00   1.5445382e+00
   1.1856832e+00   1.5503762e+00
   1.1913435e+00   1.5597030e+00
   1.1970038e+00   1.5724986e+00
   1.2026641e+00   1.5794910e+00
   1.2083244e+00   1.5935881e+00
   1.2139846e+00   1.6030003e+00
   1.2196449e+00   1.6173455e+00
   1.2253052e+00   1.6290333e+00
   1.2309655e+00   1.6397175e+00
   1.2366258e+00   1.6583013e+00
   1.2422861e+00   1.6713570e+00
   1.2479463e+00   1.6916455e+00
   1.2536066e+00   1.7024555e+00
   1.2592669e+00   1.7197566e+00
   1.2649272e+00   1.7366291e+00
   1.2705875e+00   1.7498823e+00
   1.2762478e+00   1.7746051e+00
   1.2819081e+00   1.7992485e+00
   1.2875683e+00   1.8474561e+00
   1.2932286e+00   1.9203805e+00
   1.2988889e+00   2.0508381e+00
   1.3045492e+00   2.3255569e+00
   1.3102095e+00   2.6515614e+00
   1.3158698e+00   2.8744074e+00
   1.3215300e+00   2.7186316e+00
   1.3271903e+00   2.3884621e+00
   1.3328506e+00   2.1194950e+00
   1.3385109e+00   1.9973363e+00
   1.3441712e+00   1.9422914e+00
   1.3498315e+00   1.9232532e+00
   1.3554918e+00   1.9249151e+00
   1.3611520e+00   1.9370758e+00
   1.3668123e+00   1.9573924e+00
   1.3724726e+00   1.9834197e+00
   1.3781329e+00   2.0193636e+00
   1.3837932e+00   2.0670613e+00
   1.3894535e+00   2.1317803e+00
   1.3951137e+00   2.2292401e+00
   1.4007740e+00   2.3616266e+00
   1.4064343e+00   2.5808711e+00
   1.4120946e+00   3.0153660e+00
   1.4177549e+00   4.4012882e+00
   1.4234152e+00   1.2372107e+01
   1.4290755e+00   3.6508910e+01
   1.4347357e+00   7.0097916e+01
   1.4403960e+00   7.4202261e+01
   1.4460563e+00   4.4477149e+01
   1.4517166e+00   1.5963684e+01
   1.4573769e+00   5.4330997e+00
   1.4630372e+00   3.2299288e+00
   1.4686974e+00   2.6781222e+00
   1.4743577e+00   2.4084420e+00
   1.4800180e+00   2.2476628e+00
   1.4856783e+00   2.1486735e+00
   1.4913386e+00   2.0790174e+00
   1.4969989e+00   2.0322902e+00
   1.5026592e+00   1.9931375e+00
   1.5083194e+00   1.9606058e+00
   1.5139797e+00   1.9368537e+00
   1.5196400e+00   1.9148001e+00
   1.5253003e+00   1.9033998e+00
   1.5309606e+00   1.8954773e+00
   1.5366209e+00   1.9340832e+00
   1.5422811e+00   1.9516998e+00
   1.5479414e+00   1.9053165e+00
   1.5536017e+00   1.8718830e+00
   1.5592620e+00   1.8612949e+00
   1.5649223e+00   1.8579953e+00
   1.5705826e+00   1.8552789e+00
   1.5762428e+00   1.8538337e+00
   1.5819031e+00   1.8570829e+00
   1.5875634e+00   1.8600459e+00
   1.5932237e+00   1.8711917e+00
   1.5988840e+00   1.8794167e+00
   1.6045443e+00   1.8860284e+00
   1.6102046e+00   1.8888081e+00
   1.6158648e+00   1.9023613e+00
   1.6215251e+00   1.9283520e+00
   1.6271854e+00   1.9553882e+00
   1.6328457e+00   1.9798459e+00
   1.6385060e+00   1.9823797e+00
   1.6441663e+00   1.9681687e+00
   1.6498265e+00   1.9444689e+00
   1.6554868e+00   1.9235979e+00
   1.6611471e+00   1.9129133e+00
   1.6668074e+00   1.9135546e+00
   1.6724677e+00   1.9388123e+00
   1.6781280e+00   1.9769228e+00
   1.6837883e+00   2.0200286e+00
   1.6894485e+00   2.0533995e+00
   1.6951088e+00   2.0603591e+00
   1.7007691e+00   2.0374379e+00
   1.7064294e+00   1.9921744e+00
   1.7120897e+00   1.9489573e+00
   1.7177500e+00   1.9147260e+00
   1.7234102e+00   1.8976858e+00
   1.7290705e+00   1.8915662e+00
   1.7347308e+00   1.8781085e+00
   1.7403911e+00   1.8595863e+00
   1.7460514e+00   1.8385153e+00
   1.7517117e+00   1.8263414e+00
   1.7573720e+00   1.8150276e+00
   1.7630322e+00   1.8088089e+00
   1.7686925e+00   1.8027401e+00
   1.7743528e+00   1.7948909e+00
   1.7800131e+00   1.7930120e+00
   1.7856734e+00   1.7925797e+00
   1.7913337e+00   1.7934217e+00
   1.7969939e+00   1.7873867e+00
   1.8026542e+00   1.7800250e+00
   1.8083145e+00   1.7732807e+00
   1.8139748e+00   1.7635744e+00
   1.8196351e+00   1.7582086e+00
   1.8252954e+00   1.7528770e+00
   1.8309557e+00   1.7480479e+00
   1.8366159e+00   1.7422551e+00
   1.8422762e+00   1.7374334e+00
   1.8479365e+00   1.7354611e+00
   1.8535968e+00   1.7277832e+00
   1.8592571e+00   1.7214318e+00
   1.8649174e+00   1.7186189e+00
   1.8705776e+00   1.7190166e+00
   1.8762379e+00   1.7137956e+00
   1.8818982e+00   1.7082430e+00
   1.8875585e+00   1.7059331e+00
   1.8932188e+00   1.7037892e+00
   1.8988791e+00   1.7037870e+00
   1.9045394e+00   1.7016841e+00
   1.9101996e+00   1.7027439e+00
   1.9158599e+00   1.7077589e+00
   1.9215202e+00   1.7203520e+00
   1.9271805e+00   1.7453144e+00
   1.9328408e+00   1.7942754e+00
   1.9385011e+00   1.9490518e+00
   1.9441613e+00   2.3220575e+00
   1.9498216e+00   2.8019514e+00
   1.9554819e+00   3.2455853e+00
   1.9611422e+00   3.6390144e+00
   1.9668025e+00   4.1343540e+00
   1.9724628e+00   4.8266430e+00
   1.9781231e+00   5.4121431e+00
   1.9837833e+00   5.3305385e+00
   1.9894436e+00   5.0291022e+00
   1.9951039e+00   5.0728249e+00
   2.0007642e+00   5.3823130e+00
   2.0064245e+00   6.9787325e+00
   2.0120848e+00   1.2075792e+01
   2.0177450e+00   2.0978155e+01
   2.0234053e+00   2.5703089e+01
   2.0290656e+00   1.9467884e+01
   2.0347259e+00   9.3252290e+00
   2.0403862e+00   3.8297778e+00
   2.0460465e+00   2.3109884e+00
   2.0517067e+00   1.9040219e+00
   2.0573670e+00   1.7362065e+00
   2.0630273e+00   1.6389029e+00
   2.0686876e+00   1.5775669e+00
   2.0743479e+00   1.5366281e+00
   2.0800082e+00   1.5056041e+00
   2.0856685e+00   1.4808765e+00
   2.0913287e+00   1.4557826e+00
   2.0969890e+00   1.4350807e+00
   2.1026493e+00   1.4166124e+00
   2.1083096e+00   1.4004624e+00
   2.1139699e+00   1.3873949e+00
   2.1196302e+00   1.3741450e+00
   2.1252904e+00   1.3647083e+00
   2.1309507e+00   1.3565885e+00
   2.1366110e+00   1.3504500e+00
   2.1422713e+00   1.3435099e+00
   2.1479316e+00   1.3368325e+00
   2.1535919e+00   1.3347053e+00
   2.1592522e+00   1.3302902e+00
   2.1649124e+00   1.3309726e+00
   2.1705727e+00   1.3344515e+00
   2.1762330e+00   1.3408408e+00
   2.1818933e+00   1.3468462e+00
   2.1875536e+00   1.3457646e+00
   2.1932139e+00   1.3366363e+00
   2.1988741e+00   1.3179184e+00
   2.2045344e+00   1.3028087e+00
   2.2101947e+00   1.2930626e+00
   2.2158550e+00   1.2858514e+00
   2.2215153e+00   1.2808485e+00
   2.2271756e+00   1.2784306e+00
   2.2328359e+00   1.2738959e+00
   2.2384961e+00   1.2647572e+00
   2.2441564e+00   1.2616806e+00
   2.2498167e+00   1.2630866e+00
   2.2554770e+00   1.2613891e+00
   2.2611373e+00   1.2545259e+00
   2.2667976e+00   1.2458637e+00
   2.2724578e+00   1.2413149e+00
   2.2781181e+00   1.2366467e+00
   2.2837784e+00   1.2342299e+00
   2.2894387e+00   1.2317487e+00
   2.2950990e+00   1.2292234e+00
   2.3007593e+00   1.2286565e+00
   2.3064196e+00   1.2255530e+00
   2.3120798e+00   1.2239218e+00
   2.3177401e+00   1.2236808e+00
   2.3234004e+00   1.2245950e+00
   2.3290607e+00   1.2232384e+00
   2.3347210e+00   1.2203738e+00
   2.3403813e+00   1.2172271e+00
   2.3460415e+00   1.2141947e+00
   2.3517018e+00   1.2147040e+00
   2.3573621e+00   1.2153828e+00
   2.3630224e+00   1.2163810e+00
   2.3686827e+00   1.2146553e+00
   2.3743430e+00   1.2100178e+00
   2.3800033e+00   1.2074081e+00
   2.3856635e+00   1.2039380e+00
   2.3913238e+00   1.2031210e+00
   2.3969841e+00   1.2038647e+00
   2.4026444e+00   1.2038072e+00
   2.4083047e+00   1.2027343e+00
   2.4139650e+00   1.2031452e+00
   2.4196252e+00   1.2035088e+00
   2.4252855e+00   1.2020433e+00
   2.4309458e+00   1.2030628e+00
   2.4366061e+00   1.2044786e+00
   2.4422664e+00   1.2064546e+00
   2.4479267e+00   1.2082235e+00
   2.4535870e+00   1.2082728e+00
   2.4592472e+00   1.2104159e+00
   2.4649075e+00   1.2117603e+00
   2.4705678e+00   1.2136852e+00
   2.4762281e+00   1.2154092e+00
   2.4818884e+00   1.2178572e+00
   2.4875487e+00   1.2197121e+00
   2.4932089e+00   1.2215547e+00
   2.4988692e+00   1.2227998e+00
   2.5045295e+00   1.2226695e+00
   2.5101898e+00   1.2229683e+00
   2.5158501e+00   1.2236842e+00
   2.5215104e+00   1.2243752e+00
   2.5271706e+00   1.2260520e+00
   2.5328309e+00   1.2281734e+00
   2.5384912e+00   1.2308154e+00
   2.5441515e+00   1.2303860e+00
   2.5498118e+00   1.2314965e+00
   2.5554721e+00   1.2333689e+00
   2.5611324e+00   1.2357918e+00
   2.5667926e+00   1.2384267e+00
   2.5724529e+00   1.2376707e+00
   2.5781132e+00   1.2392857e+00
   2.5837735e+00   1.2397844e+00
   2.5894338e+00   1.2417427e+00
   2.5950941e+00   1.2442247e+00
   2.6007543e+00   1.2459730e+00
   2.6064146e+00   1.2494441e+00
   2.6120749e+00   1.2507786e+00
   2.6177352e+00   1.2521283e+00
   2.6233955e+00   1.2547460e+00
   2.6290558e+00   1.2579828e+00
   2.6347161e+00   1.2610672e+00
   2.6403763e+00   1.2625137e+00
   2.6460366e+00   1.2651796e+00
   2.6516969e+00   1.2679106e+00
   2.6573572e+00   1.2710443e+00
   2.6630175e+00   1.2741151e+00
   2.6686778e+00   1.2780908e+00
   2.6743380e+00   1.2828766e+00
   2.6799983e+00   1.2875035e+00
   2.6856586e+00   1.2933875e+00
   2.6913189e+00   1.2982780e+00
   2.6969792e+00   1.3029827e+00
   2.7026395e+00   1.3083351e+00
   2.7082998e+00   1.3133281e+00
   2.7139600e+00   1.3211615e+00
   2.7196203e+00   1.3322915e+00
   2.7252806e+00   1.3476800e+00
   2.7309409e+00   1.3679124e+00
   2.7366012e+00   1.3996450e+00
   2.7422615e+00   1.4557329e+00
   2.7479217e+00   1.5590383e+00
   2.7535820e+00   1.7220017e+00
   2.7592423e+00   1.9026123e+00
   2.7649026e+00   2.0401530e+00
   2.7705629e+00   2.0861291e+00
   2.7762232e+00   2.0441463e+00
   2.7818835e+00   1.9938877e+00
   2.7875437e+00   2.1343497e+00
   2.7932040e+00   3.0819429e+00
   2.7988643e+00   6.0987762e+00
   2.8045246e+00   1.1710191e+01
   2.8101849e+00   1.8155308e+01
   2.8158452e+00   2.3572139e+01
   2.8215054e+00   2.1588075e+01
   2.8271657e+00   1.4951932e+01
   2.8328260e+00   8.5414416e+00
   2.8384863e+00   4.1273350e+00
   2.8441466e+00   2.3428867e+00
   2.8498069e+00   1.9182082e+00
   2.8554672e+00   1.9835947e+00
   2.8611274e+00   2.4511571e+00
   2.8667877e+00   3.2191362e+00
   2.8724480e+00   4.0023382e+00
   2.8781083e+00   4.4051386e+00
   2.8837686e+00   3.9503825e+00
   2.8894289e+00   3.1535703e+00
   2.8950891e+00   2.3849458e+00
   2.9007494e+00   1.9202466e+00
   2.9064097e+00   1.8228565e+00
   2.9120700e+00   2.1582276e+00
   2.9177303e+00   3.6757251e+00
   2.9233906e+00   7.2814459e+00
   2.9290509e+00   1.2773409e+01
   2.9347111e+00   1.7103496e+01
   2.9403714e+00   1.7033187e+01
   2.9460317e+00   1.1732059e+01
   2.9516920e+00   6.4255272e+00
   2.9573523e+00   3.2402691e+00
   2.9630126e+00   1.9787028e+00
   2.9686728e+00   1.6558940e+00
   2.9743331e+00   1.5717325e+00
   2.9799934e+00   1.5336465e+00
   2.9856537e+00   1.5121869e+00
   2.9913140e+00   1.4985103e+00
   2.9969743e+00   1.4880206e+00
   3.0026345e+00   1.4844312e+00
   3.0082948e+00   1.4820511e+00
   3.0139551e+00   1.4788242e+00
   3.0196154e+00   1.4784832e+00
   3.0252757e+00   1.4791060e+00
   3.0309360e+00   1.4800710e+00
   3.0365963e+00   1.4803319e+00
   3.0422565e+00   1.4800223e+00
   3.0479168e+00   1.4807233e+00
   3.0535771e+00   1.4804278e+00
   3.0592374e+00   1.4811726e+00
   3.0648977e+00   1.4830188e+00
   3.0705580e+00   1.4875214e+00
   3.0762182e+00   1.4946477e+00
   3.0818785e+00   1.5042548e+00
   3.0875388e+00   1.5218930e+00
   3.0931991e+00   1.5359227e+00
   3.0988594e+00   1.5338517e+00
   3.1045197e+00   1.5368764e+00
   3.1101800e+00   1.5412075e+00
   3.1158402e+00   1.5446173e+00
   3.1215005e+00   1.5450539e+00
   3.1271608e+00   1.5547404e+00
   3.1328211e+00   1.5672270e+00
   3.1384814e+00   1.5789539e+00
   3.1441417e+00   1.5887633e+00
   3.1498019e+00   1.5978381e+00
   3.1554622e+00   1.6079318e+00
   3.1611225e+00   1.6199844e+00
   3.1667828e+00   1.6354748e+00
   3.1724431e+00   1.6535499e+00
   3.1781034e+00   1.6755517e+00
   3.1837637e+00   1.7001511e+00
   3.1894239e+00   1.7316591e+00
   3.1950842e+00   1.7859410e+00
   3.2007445e+00   1.8990300e+00
   3.2064048e+00   2.0903999e+00
   3.2120651e+00   2.2909883e+00
   3.2177254e+00   2.4223650e+00
   3.2233856e+00   2.4947035e+00
   3.2290459e+00   2.5102752e+00
   3.2347062e+00   2.4363097e+00
   3.2403665e+00   2.3260144e+00
   3.2460268e+00   2.2823544e+00
   3.2516871e+00   2.3391110e+00
   3.2573474e+00   2.5414962e+00
   3.2630076e+00   3.4832553e+00
   3.2686679e+00   6.9036738e+00
   3.2743282e+00   1.4145486e+01
   3.2799885e+00   2.5111511e+01
   3.2856488e+00   3.8280258e+01
   3.2913091e+00   4.5383445e+01
   3.2969693e+00   3.7092589e+01
   3.3026296e+00   2.3850205e+01
   3.3082899e+00   1.3498489e+01
   3.3139502e+00   6.7507334e+00
   3.3196105e+00   4.2186202e+00
   3.3252708e+00   3.9877013e+00
   3.3309311e+00   4.3454231e+00
   3.3365913e+00   4.9485813e+00
   3.3422516e+00   6.1090685e+00
   3.3479119e+00   8.9785506e+00
   3.3535722e+00   1.6563184e+01
   3.3592325e+00   3.4303352e+01
   3.3648928e+00   6.4626567e+01
   3.3705530e+00   1.0646448e+02
   3.3762133e+00   1.4445838e+02
   3.3818736e+00   1.9350750e+02
   3.3875339e+00   2.5000000e+02
   3.3931942e+00   2.2970805e+02
   3.3988545e+00   1.4398549e+02
   3.4045148e+00   9.5997174e+01
   3.4101750e+00   5.9049108e+01
   3.4158353e+00   2.8684288e+01
   3.4214956e+00   1.1662896e+01
   3.4271559e+00   6.1618031e+00
   3.4328162e+00   4.3335616e+00
   3.4384765e+00   3.5562435e+00
   3.4441367e+00   3.1282161e+00
   3.4497970e+00   2.8429456e+00
   3.4554573e+00   2.6579512e+00
   3.4611176e+00   2.5247313e+00
   3.4667779e+00   2.4223595e+00
   3.4724382e+00   2.3344399e+00
   3.4780985e+00   2.2492044e+00
   3.4837587e+00   2.1729988e+00
   3.4894190e+00   2.1042529e+00
   3.4950793e+00   2.0424027e+00
   3.5007396e+00   1.9875293e+00
   3.5063999e+00   1.9433742e+00
   3.5120602e+00   1.9056025e+00
   3.5177204e+00   1.8742341e+00
   3.5233807e+00   1.8469918e+00
   3.5290410e+00   1.8214011e+00
   3.5347013e+00   1.7941961e+00
   3.5403616e+00   1.7690052e+00
   3.5460219e+00   1.7459705e+00
   3.5516821e+00   1.7216890e+00
   3.5573424e+00   1.6998815e+00
   3.5630027e+00   1.6846557e+00
   3.5686630e+00   1.6704451e+00
   3.5743233e+00   1.6561202e+00
   3.5799836e+00   1.6435990e+00
   3.5856439e+00   1.6330486e+00
   3.5913041e+00   1.6251440e+00
   3.5969644e+00   1.6174389e+00
   3.6026247e+00   1.6131747e+00
   3.6082850e+00   1.6168100e+00
   3.6139453e+00   1.6292572e+00
   3.6196056e+00   1.6556583e+00
   3.6252658e+00   1.6962030e+00
   3.6309261e+00   1.7522446e+00
   3.6365864e+00   1.8647185e+00
   3.6422467e+00   2.1944910e+00
   3.6479070e+00   3.0161024e+00
   3.6535673e+00   4.3571762e+00
   3.6592276e+00   5.7708176e+00
   3.6648878e+00   7.2931254e+00
   3.6705481e+00   7.9360819e+00
   3.6762084e+00   6.6868100e+00
   3.6818687e+00   5.1804032e+00
   3.6875290e+00   3.6360459e+00
   3.6931893e+00   2.4408350e+00
   3.6988495e+00   1.8618204e+00
   3.7045098e+00   1.6645113e+00
   3.7101701e+00   1.5988864e+00
   3.7158304e+00   1.5713376e+00
   3.7214907e+00   1.5563369e+00
   3.7271510e+00   1.5483189e+00
   3.7328113e+00   1.5463982e+00
   3.7384715e+00   1.5501050e+00
   3.7441318e+00   1.5629589e+00
   3.7497921e+00   1.5862940e+00
   3.7554524e+00   1.6265580e+00
   3.7611127e+00   1.7092865e+00
   3.7667730e+00   1.9475394e+00
   3.7724332e+00   2.7545132e+00
   3.7780935e+00   4.8388980e+00
   3.7837538e+00   8.2627249e+00
   3.7894141e+00   1.2624913e+01
   3.7950744e+00   1.7542036e+01
   3.8007347e+00   1.9783532e+01
   3.8063950e+00   1.6326317e+01
   3.8120552e+00   1.1325057e+01
   3.8177155e+00   7.2355392e+00
   3.8233758e+00   4.1260285e+00
   3.8290361e+00   2.3900975e+00
   3.8346964e+00   1.8146567e+00
   3.8403567e+00   1.6596863e+00
   3.8460169e+00   1.6015688e+00
   3.8516772e+00   1.5763773e+00
   3.8573375e+00   1.5710297e+00
   3.8629978e+00   1.5784392e+00
   3.8686581e+00   1.5927385e+00
   3.8743184e+00   1.6096186e+00
   3.8799787e+00   1.6279913e+00
   3.8856389e+00   1.6412996e+00
   3.8912992e+00   1.6468014e+00
   3.8969595e+00   1.6404721e+00
   3.9026198e+00   1.6243867e+00
   3.9082801e+00   1.6010020e+00
   3.9139404e+00   1.5703640e+00
   3.9196006e+00   1.5374228e+00
   3.9252609e+00   1.5050600e+00
   3.9309212e+00   1.4751389e+00
   3.9365815e+00   1.4503994e+00
   3.9422418e+00   1.4336624e+00
   3.9479021e+00   1.4231153e+00
   3.9535624e+00   1.4178618e+00
   3.9592226e+00   1.4086203e+00
   3.9648829e+00   1.3912994e+00
   3.9705432e+00   1.3724324e+00
   3.9762035e+00   1.3577019e+00
   3.9818638e+00   1.3497250e+00
   3.9875241e+00   1.3459325e+00
   3.9931843e+00   1.3430430e+00
   3.9988446e+00   1.3393745e+00
   4.0045049e+00   1.3390093e+00
   4.0101652e+00   1.3462802e+00
   4.0158255e+00   1.3653810e+00
   4.0214858e+00   1.4040966e+00
   4.0271460e+00   1.4713799e+00
   4.0328063e+00   1.5809384e+00
   4.0384666e+00   1.7436373e+00
   4.0441269e+00   1.9430116e+00
   4.0497872e+00   2.0057502e+00
   4.0554475e+00   1.8553907e+00
   4.0611078e+00   1.6175102e+00
   4.0667680e+00   1.4733408e+00
   4.0724283e+00   1.3890958e+00
   4.0780886e+00   1.3398892e+00
   4.0837489e+00   1.3105062e+00
   4.0894092e+00   1.2727585e+00
   4.0950695e+00   1.2357558e+00
   4.1007297e+00   1.2187470e+00
   4.1063900e+00   1.2117662e+00
   4.1120503e+00   1.2076569e+00
   4.1177106e+00   1.2051997e+00
   4.1233709e+00   1.2026517e+00
   4.1290312e+00   1.2003384e+00
   4.1346915e+00   1.1989761e+00
   4.1403517e+00   1.1975676e+00
   4.1460120e+00   1.1967559e+00
   4.1516723e+00   1.1960927e+00
   4.1573326e+00   1.1955201e+00
   4.1629929e+00   1.1960402e+00
   4.1686532e+00   1.1968050e+00
   4.1743134e+00   1.1981288e+00
   4.1799737e+00   1.1983813e+00
   4.1856340e+00   1.1978657e+00
   4.1912943e+00   1.1977465e+00
   4.1969546e+00   1.1987839e+00
   4.2026149e+00   1.1988860e+00
   4.2082752e+00   1.1984221e+00
   4.2139354e+00   1.1958581e+00
   4.2195957e+00   1.1944750e+00
   4.2252560e+00   1.1956621e+00
   4.2309163e+00   1.1980010e+00
   4.2365766e+00   1.2000630e+00
   4.2422369e+00   1.2032394e+00
   4.2478971e+00   1.2055404e+00
   4.2535574e+00   1.2093941e+00
   4.2592177e+00   1.2142934e+00
   4.2648780e+00   1.2211719e+00
   4.2705383e+00   1.2307418e+00
   4.2761986e+00   1.2449784e+00
   4.2818589e+00   1.2729024e+00
   4.2875191e+00   1.3355394e+00
   4.2931794e+00   1.4566640e+00
   4.2988397e+00   1.6396707e+00
   4.3045000e+00   1.8376113e+00
   4.3101603e+00   2.0237916e+00
   4.3158206e+00   2.1902285e+00
   4.3214808e+00   2.3595481e+00
   4.3271411e+00   2.7246500e+00
   4.3328014e+00   3.4707185e+00
   4.3384617e+00   4.6407285e+00
   4.3441220e+00   5.8760684e+00
   4.3497823e+00   7.1989053e+00
   4.3554426e+00   8.5206389e+00
   4.3611028e+00   8.3565849e+00
   4.3667631e+00   6.7486544e+00
   4.3724234e+00   5.3465966e+00
   4.3780837e+00   3.8432328e+00
   4.3837440e+00   2.5970532e+00
   4.3894043e+00   1.8626235e+00
   4.3950645e+00   1.5565386e+00
   4.4007248e+00   1.4513633e+00
   4.4063851e+00   1.4146670e+00
   4.4120454e+00   1.4006847e+00
   4.4177057e+00   1.3969048e+00
   4.4233660e+00   1.3952886e+00
   4.4290263e+00   1.3908103e+00
   4.4346865e+00   1.3798902e+00
   4.4403468e+00   1.3648227e+00
   4.4460071e+00   1.3460198e+00
   4.4516674e+00   1.3248025e+00
   4.4573277e+00   1.3043594e+00
   4.4629880e+00   1.2856556e+00
   4.4686482e+00   1.2710745e+00
   4.4743085e+00   1.2565626e+00
   4.4799688e+00   1.2449473e+00
   4.4856291e+00   1.2360173e+00
   4.4912894e+00   1.2281079e+00
   4.4969497e+00   1.2234724e+00
   4.5026099e+00   1.2190821e+00
   4.5082702e+00   1.2181968e+00
   4.5139305e+00   1.2166644e+00
   4.5195908e+00   1.2131299e+00
   4.5252511e+00   1.2120508e+00
   4.5309114e+00   1.2117407e+00
   4.5365717e+00   1.2115232e+00
   4.5422319e+00   1.2109988e+00
   4.5478922e+00   1.2112710e+00
   4.5535525e+00   1.2132955e+00
   4.5592128e+00   1.2138219e+00
   4.5648731e+00   1.2151375e+00
   4.5705334e+00   1.2169102e+00
   4.5761936e+00   1.2185094e+00
   4.5818539e+00   1.2199465e+00
   4.5875142e+00   1.2229556e+00
   4.5931745e+00   1.2258089e+00
   4.5988348e+00   1.2281468e+00
   4.6044951e+00   1.2311366e+00
   4.6101554e+00   1.2340711e+00
   4.6158156e+00   1.2378454e+00
   4.6214759e+00   1.2400163e+00
   4.6271362e+00   1.2425704e+00
   4.6327965e+00   1.2477018e+00
   4.6384568e+00   1.2537667e+00
   4.6441171e+00   1.2613222e+00
   4.6497773e+00   1.2684774e+00
   4.6554376e+00   1.2788546e+00
   4.6610979e+00   1.2923830e+00
   4.6667582e+00   1.3084128e+00
   4.6724185e+00   1.3306745e+00
   4.6780788e+00   1.3624180e+00
   4.6837391e+00   1.4133434e+00
   4.6893993e+00   1.4977661e+00
   4.6950596e+00   1.6500245e+00
   4.7007199e+00   1.9786666e+00
   4.7063802e+00   2.6785095e+00
   4.7120405e+00   3.9283785e+00
   4.7177008e+00   5.6246679e+00
   4.7233610e+00   7.2793188e+00
   4.7290213e+00   9.1598063e+00
   4.7346816e+00   1.0899255e+01
   4.7403419e+00   1.0960216e+01
   4.7460022e+00   9.3283749e+00
   4.7516625e+00   8.3167648e+00
   4.7573228e+00   7.8088772e+00
   4.7629830e+00   7.9754582e+00
   4.7686433e+00   9.0992108e+00
   4.7743036e+00   1.0742716e+01
   4.7799639e+00   1.2336429e+01
   4.7856242e+00   1.3942255e+01
   4.7912845e+00   1.6344070e+01
   4.7969447e+00   1.8886153e+01
   4.8026050e+00   2.0459687e+01
   4.8082653e+00   2.0244616e+01
   4.8139256e+00   1.7613842e+01
   4.8195859e+00   1.3589501e+01
   4.8252462e+00   9.9361748e+00
   4.8309065e+00   6.6911463e+00
   4.8365667e+00   4.1694320e+00
   4.8422270e+00   2.6899409e+00
   4.8478873e+00   1.9555760e+00
   4.8535476e+00   1.6826633e+00
   4.8592079e+00   1.5540900e+00
   4.8648682e+00   1.4531025e+00
   4.8705284e+00   1.4213342e+00
   4.8761887e+00   1.4039317e+00
   4.8818490e+00   1.3471197e+00
   4.8875093e+00   1.3057891e+00
   4.8931696e+00   1.2929512e+00
   4.8988299e+00   1.2857601e+00
   4.9044902e+00   1.2849915e+00
   4.9101504e+00   1.2930615e+00
   4.9158107e+00   1.3082559e+00
   4.9214710e+00   1.3248448e+00
   4.9271313e+00   1.3420199e+00
   4.9327916e+00   1.3533655e+00
   4.9384519e+00   1.3581834e+00
   4.9441121e+00   1.3561785e+00
   4.9497724e+00   1.3491832e+00
   4.9554327e+00   1.3348321e+00
   4.9610930e+00   1.3219193e+00
   4.9667533e+00   1.3200351e+00
   4.9724136e+00   1.3397352e+00
   4.9780738e+00   1.4159423e+00
   4.9837341e+00   1.6406245e+00
   4.9893944e+00   2.1460961e+00
   4.9950547e+00   3.0229100e+00
   5.0007150e+00   4.1430269e+00
   5.0063753e+00   5.2142206e+00
   5.0120356e+00   6.3458610e+00
   5.0176958e+00   7.4924926e+00
   5.0233561e+00   7.6042042e+00
   5.0290164e+00   6.4668197e+00
   5.0346767e+00   5.2646888e+00
   5.0403370e+00   4.1485425e+00
   5.0459973e+00   3.0053190e+00
   5.0516575e+00   2.0893708e+00
   5.0573178e+00   1.5846313e+00
   5.0629781e+00   1.3629721e+00
   5.0686384e+00   1.2772988e+00
   5.0742987e+00   1.2365553e+00
   5.0799590e+00   1.2112810e+00
   5.0856193e+00   1.1958035e+00
   5.0912795e+00   1.1840066e+00
   5.0969398e+00   1.1750641e+00
   5.1026001e+00   1.1687236e+00
   5.1082604e+00   1.1637784e+00
   5.1139207e+00   1.1602661e+00
   5.1195810e+00   1.1568501e+00
   5.1252412e+00   1.1557340e+00
   5.1309015e+00   1.1541741e+00
   5.1365618e+00   1.1524566e+00
   5.1422221e+00   1.1514288e+00
   5.1478824e+00   1.1496772e+00
   5.1535427e+00   1.1508198e+00
   5.1592030e+00   1.1498597e+00
   5.1648632e+00   1.1488163e+00
   5.1705235e+00   1.1475752e+00
   5.1761838e+00   1.1456093e+00
   5.1818441e+00   1.1452813e+00
   5.1875044e+00   1.1433457e+00
   5.1931647e+00   1.1419825e+00
   5.1988249e+00   1.1407760e+00
   5.2044852e+00   1.1390589e+00
   5.2101455e+00   1.1382492e+00
   5.2158058e+00   1.1355306e+00
   5.2214661e+00   1.1339495e+00
   5.2271264e+00   1.1326518e+00
   5.2327867e+00   1.1321913e+00
   5.2384469e+00   1.1301967e+00
   5.2441072e+00   1.1292730e+00
   5.2497675e+00   1.1311186e+00
   5.2554278e+00   1.1315645e+00
   5.2610881e+00   1.1311849e+00
   5.2667484e+00   1.1320595e+00
   5.2724086e+00   1.1342005e+00
   5.2780689e+00   1.1369477e+00
   5.2837292e+00   1.1394543e+00
   5.2893895e+00   1.1442839e+00
   5.2950498e+00   1.1493480e+00
   5.3007101e+00   1.1568153e+00
   5.3063704e+00   1.1622883e+00
   5.3120306e+00   1.1695600e+00
   5.3176909e+00   1.1829567e+00
   5.3233512e+00   1.2067466e+00
   5.3290115e+00   1.2596646e+00
   5.3346718e+00   1.4220606e+00
   5.3403321e+00   1.8605651e+00
   5.3459923e+00   2.7568471e+00
   5.3516526e+00   3.9724668e+00
   5.3573129e+00   5.3728178e+00
   5.3629732e+00   7.0307727e+00
   5.3686335e+00   9.0149528e+00
   5.3742938e+00   1.0163207e+01
   5.3799541e+00   9.3355581e+00
   5.3856143e+00   7.2835261e+00
   5.3912746e+00   5.5659626e+00
   5.3969349e+00   4.1825836e+00
   5.4025952e+00   2.9121935e+00
   5.4082555e+00   1.9736542e+00
   5.4139158e+00   1.4772710e+00
   5.4195760e+00   1.3071930e+00
   5.4252363e+00   1.2582466e+00
   5.4308966e+00   1.2416617e+00
   5.4365569e+00   1.2366385e+00
   5.4422172e+00   1.2366055e+00
   5.4478775e+00   1.2423185e+00
   5.4535377e+00   1.2529470e+00
   5.4591980e+00   1.2666781e+00
   5.4648583e+00   1.2829421e+00
   5.4705186e+00   1.3029568e+00
   5.4761789e+00   1.3245003e+00
   5.4818392e+00   1.3446470e+00
   5.4874995e+00   1.3645668e+00
   5.4931597e+00   1.3897904e+00
   5.4988200e+00   1.4212436e+00
   5.5044803e+00   1.4755103e+00
   5.5101406e+00   1.5825858e+00
   5.5158009e+00   1.7460685e+00
   5.5214612e+00   1.9523854e+00
   5.5271214e+00   2.1478797e+00
   5.5327817e+00   2.3378077e+00
   5.5384420e+00   2.5460848e+00
   5.5441023e+00   2.7840196e+00
   5.5497626e+00   3.1002000e+00
   5.5554229e+00   3.4382411e+00
   5.5610832e+00   3.6818048e+00
   5.5667434e+00   3.7702251e+00
   5.5724037e+00   3.8117403e+00
   5.5780640e+00   3.9265477e+00
   5.5837243e+00   4.1220229e+00
   5.5893846e+00   4.3042122e+00
   5.5950449e+00   4.3714650e+00
   5.6007051e+00   4.3629296e+00
   5.6063654e+00   4.3902893e+00
   5.6120257e+00   4.4314239e+00
   5.6176860e+00   4.3990966e+00
   5.6233463e+00   4.2428708e+00
   5.6290066e+00   3.9515381e+00
   5.6346669e+00   3.5389392e+00
   5.6403271e+00   3.0644343e+00
   5.6459874e+00   2.6591099e+00
   5.6516477e+00   2.2920072e+00
   5.6573080e+00   1.9444934e+00
   5.6629683e+00   1.6687073e+00
   5.6686286e+00   1.4745551e+00
   5.6742888e+00   1.3638668e+00
   5.6799491e+00   1.3087144e+00
   5.6856094e+00   1.2855154e+00
   5.6912697e+00   1.2760348e+00
   5.6969300e+00   1.2723311e+00
   5.7025903e+00   1.2750646e+00
   5.7082506e+00   1.2858288e+00
   5.7139108e+00   1.3139796e+00
   5.7195711e+00   1.3757890e+00
   5.7252314e+00   1.4876254e+00
   5.7308917e+00   1.6412931e+00
   5.7365520e+00   1.8173411e+00
   5.7422123e+00   1.9679332e+00
   5.7478725e+00   2.0966699e+00
   5.7535328e+00   2.2103447e+00
   5.7591931e+00   2.2597954e+00
   5.7648534e+00   2.2153441e+00
   5.7705137e+00   2.1418121e+00
   5.7761740e+00   2.0343953e+00
   5.7818343e+00   1.8932272e+00
   5.7874945e+00   1.7592499e+00
   5.7931548e+00   1.6786315e+00
   5.7988151e+00   1.6725207e+00
   5.8044754e+00   1.7538815e+00
   5.8101357e+00   1.9573328e+00
   5.8157960e+00   2.4113842e+00
   5.8214562e+00   3.3584294e+00
   5.8271165e+00   5.0528162e+00
   5.8327768e+00   7.6478003e+00
   5.8384371e+00   1.0649491e+01
   5.8440974e+00   1.3557807e+01
   5.8497577e+00   1.5736259e+01
   5.8554180e+00   1.8365136e+01
   5.8610782e+00   2.2283765e+01
   5.8667385e+00   2.5869785e+01
   5.8723988e+00   2.6464725e+01
   5.8780591e+00   2.3706210e+01
   5.8837194e+00   2.0547833e+01
   5.8893797e+00   1.7415327e+01
   5.8950399e+00   1.5417834e+01
   5.9007002e+00   1.2596268e+01
   5.9063605e+00   9.3092985e+00
   5.9120208e+00   6.2737360e+00
   5.9176811e+00   4.2794756e+00
   5.9233414e+00   3.2291685e+00
   5.9290016e+00   2.8687262e+00
   5.9346619e+00   2.8613851e+00
   5.9403222e+00   3.0130423e+00
   5.9459825e+00   3.1816677e+00
   5.9516428e+00   3.2939036e+00
   5.9573031e+00   3.3635882e+00
   5.9629634e+00   3.4142738e+00
   5.9686236e+00   3.2905319e+00
   5.9742839e+00   3.0471873e+00
   5.9799442e+00   2.7838123e+00
   5.9856045e+00   2.4630054e+00
   5.9912648e+00   2.1080367e+00
   5.9969251e+00   1.8053504e+00
   6.0025853e+00   1.6045458e+00
   6.0082456e+00   1.5115089e+00
   6.0139059e+00   1.5091913e+00
   6.0195662e+00   1.5707964e+00
   6.0252265e+00   1.6692977e+00
   6.0308868e+00   1.7807452e+00
   6.0365471e+00   1.8735704e+00
   6.0422073e+00   1.9414733e+00
   6.0478676e+00   1.9881118e+00
   6.0535279e+00   1.9899479e+00
   6.0591882e+00   1.9416958e+00
   6.0648485e+00   1.8653048e+00
   6.0705088e+00   1.7577356e+00
   6.0761690e+00   1.6236545e+00
   6.0818293e+00   1.4911800e+00
   6.0874896e+00   1.3800478e+00
   6.0931499e+00   1.3061966e+00
   6.0988102e+00   1.2617374e+00
   6.1044705e+00   1.2360773e+00
   6.1101308e+00   1.2203404e+00
   6.1157910e+00   1.2092817e+00
   6.1214513e+00   1.2012730e+00
   6.1271116e+00   1.1948699e+00
   6.1327719e+00   1.1898482e+00
   6.1384322e+00   1.1856294e+00
   6.1440925e+00   1.1825038e+00
   6.1497527e+00   1.1806055e+00
   6.1554130e+00   1.1790719e+00
   6.1610733e+00   1.1784039e+00
   6.1667336e+00   1.1790731e+00
   6.1723939e+00   1.1786740e+00
   6.1780542e+00   1.1781088e+00
   6.1837145e+00   1.1786382e+00
   6.1893747e+00   1.1793125e+00
   6.1950350e+00   1.1789148e+00
   6.2006953e+00   1.1777259e+00
   6.2063556e+00   1.1788548e+00
   6.2120159e+00   1.1811162e+00
   6.2176762e+00   1.1833714e+00
   6.2233364e+00   1.1863329e+00
   6.2289967e+00   1.1907701e+00
   6.2346570e+00   1.1981436e+00
   6.2403173e+00   1.2106928e+00
   6.2459776e+00   1.2358158e+00
   6.2516379e+00   1.2930369e+00
   6.2572982e+00   1.4364063e+00
   6.2629584e+00   1.7677381e+00
   6.2686187e+00   2.3732286e+00
   6.2742790e+00   3.2435302e+00
   6.2799393e+00   4.2382041e+00
   6.2855996e+00   5.3020935e+00
   6.2912599e+00   6.7059874e+00
   6.2969201e+00   8.3826605e+00
   6.3025804e+00   9.3844478e+00
   6.3082407e+00   8.8367734e+00
   6.3139010e+00   7.1401294e+00
   6.3195613e+00   5.5668232e+00
   6.3252216e+00   4.4787276e+00
   6.3308819e+00   3.4716391e+00
   6.3365421e+00   2.5575791e+00
   6.3422024e+00   1.8625728e+00
   6.3478627e+00   1.4744482e+00
   6.3535230e+00   1.3099234e+00
   6.3591833e+00   1.2511308e+00
   6.3648436e+00   1.2287837e+00
   6.3705038e+00   1.2192294e+00
   6.3761641e+00   1.2178678e+00
   6.3818244e+00   1.2226563e+00
   6.3874847e+00   1.2311056e+00
   6.3931450e+00   1.2426213e+00
   6.3988053e+00   1.2568070e+00
   6.4044656e+00   1.2751549e+00
   6.4101258e+00   1.2994931e+00
   6.4157861e+00   1.3347210e+00
   6.4214464e+00   1.3919624e+00
   6.4271067e+00   1.4823158e+00
   6.4327670e+00   1.6083430e+00
   6.4384273e+00   1.7651192e+00
   6.4440875e+00   1.9322004e+00
   6.4497478e+00   2.1029794e+00
   6.4554081e+00   2.2788980e+00
   6.4610684e+00   2.4620633e+00
   6.4667287e+00   2.6351772e+00
   6.4723890e+00   2.7649443e+00
   6.4780492e+00   2.8233636e+00
   6.4837095e+00   2.7960881e+00
   6.4893698e+00   2.7018396e+00
   6.4950301e+00   2.5524436e+00
   6.5006904e+00   2.3690483e+00
   6.5063507e+00   2.1844438e+00
   6.5120110e+00   1.9950339e+00
   6.5176712e+00   1.7931246e+00
   6.5233315e+00   1.6038814e+00
   6.5289918e+00   1.4569648e+00
   6.5346521e+00   1.3783913e+00
   6.5403124e+00   1.3830043e+00
   6.5459727e+00   1.4789192e+00
   6.5516329e+00   1.6606340e+00
   6.5572932e+00   1.8994797e+00
   6.5629535e+00   2.1483746e+00
   6.5686138e+00   2.3971603e+00
   6.5742741e+00   2.7035744e+00
   6.5799344e+00   3.0118234e+00
   6.5855947e+00   3.1006502e+00
   6.5912549e+00   2.8673592e+00
   6.5969152e+00   2.5128194e+00
   6.6025755e+00   2.2315799e+00
   6.6082358e+00   1.9755563e+00
   6.6138961e+00   1.7091353e+00
   6.6195564e+00   1.4718106e+00
   6.6252166e+00   1.3106157e+00
   6.6308769e+00   1.2322525e+00
   6.6365372e+00   1.1942672e+00
   6.6421975e+00   1.1780373e+00
   6.6478578e+00   1.1824073e+00
   6.6535181e+00   1.1880730e+00
   6.6591784e+00   1.1871038e+00
   6.6648386e+00   1.1916213e+00
   6.6704989e+00   1.1996239e+00
   6.6761592e+00   1.2102669e+00
   6.6818195e+00   1.2239339e+00
   6.6874798e+00   1.2431931e+00
   6.6931401e+00   1.2720359e+00
   6.6988003e+00   1.3183122e+00
   6.7044606e+00   1.3999738e+00
   6.7101209e+00   1.5427283e+00
   6.7157812e+00   1.7873281e+00
   6.7214415e+00   2.1718775e+00
   6.7271018e+00   2.7383346e+00
   6.7327621e+00   3.5364228e+00
   6.7384223e+00   4.4750970e+00
   6.7440826e+00   5.5057339e+00
   6.7497429e+00   6.3863863e+00
   6.7554032e+00   7.1332979e+00
   6.7610635e+00   7.6984788e+00
   6.7667238e+00   8.8086123e+00
   6.7723840e+00   1.0913443e+01
   6.7780443e+00   1.2218453e+01
   6.7837046e+00   1.2030253e+01
   6.7893649e+00   1.0213342e+01
   6.7950252e+00   7.6559364e+00
   6.8006855e+00   6.2019462e+00
   6.8063458e+00   5.7601846e+00
   6.8120060e+00   5.1805337e+00
   6.8176663e+00   4.3913845e+00
   6.8233266e+00   3.4917887e+00
   6.8289869e+00   2.7136188e+00
   6.8346472e+00   2.1552593e+00
   6.8403075e+00   1.8246349e+00
   6.8459677e+00   1.6473125e+00
   6.8516280e+00   1.5283713e+00
   6.8572883e+00   1.4491763e+00
   6.8629486e+00   1.3891742e+00
   6.8686089e+00   1.3498502e+00
   6.8742692e+00   1.3255278e+00
   6.8799295e+00   1.3123268e+00
   6.8855897e+00   1.3042179e+00
   6.8912500e+00   1.2981285e+00
   6.8969103e+00   1.2916125e+00
   6.9025706e+00   1.2827660e+00
   6.9082309e+00   1.2700228e+00
   6.9138912e+00   1.2542801e+00
   6.9195514e+00   1.2364339e+00
   6.9252117e+00   1.2161609e+00
   6.9308720e+00   1.1957344e+00
   6.9365323e+00   1.1762798e+00
   6.9421926e+00   1.1587597e+00
   6.9478529e+00   1.1443405e+00
   6.9535131e+00   1.1322320e+00
   6.9591734e+00   1.1217569e+00
   6.9648337e+00   1.1120470e+00
   6.9704940e+00   1.1034222e+00
   6.9761543e+00   1.0971316e+00
   6.9818146e+00   1.0933650e+00
   6.9874749e+00   1.0899598e+00
   6.9931351e+00   1.0875928e+00
   6.9987954e+00   1.0916838e+00
   7.0044557e+00   1.0923752e+00
   7.0101160e+00   1.0965213e+00
   7.0157763e+00   1.0926575e+00
   7.0214366e+00   1.0837603e+00
   7.0270968e+00   1.0812618e+00
   7.0327571e+00   1.0722838e+00
   7.0384174e+00   1.0670061e+00
   7.0440777e+00   1.0657690e+00
   7.0497380e+00   1.0651922e+00
   7.0553983e+00   1.0646010e+00
   7.0610586e+00   1.0641900e+00
   7.0667188e+00   1.0643174e+00
   7.0723791e+00   1.0647938e+00
   7.0780394e+00   1.0660754e+00
   7.0836997e+00   1.0673036e+00
   7.0893600e+00   1.0691917e+00
   7.0950203e+00   1.0713950e+00
   7.1006805e+00   1.0732373e+00
   7.1063408e+00   1.0802141e+00
   7.1120011e+00   1.0840793e+00
   7.1176614e+00   1.0814544e+00
   7.1233217e+00   1.0805716e+00
   7.1289820e+00   1.0808198e+00
   7.1346423e+00   1.0828951e+00
   7.1403025e+00   1.0851645e+00
   7.1459628e+00   1.0907514e+00
   7.1516231e+00   1.1025404e+00
   7.1572834e+00   1.1220862e+00
   7.1629437e+00   1.1503330e+00
   7.1686040e+00   1.1846185e+00
   7.1742642e+00   1.2197325e+00
   7.1799245e+00   1.2507672e+00
   7.1855848e+00   1.2748061e+00
   7.1912451e+00   1.2921870e+00
   7.1969054e+00   1.3033316e+00
   7.2025657e+00   1.3089833e+00
   7.2082260e+00   1.3100882e+00
   7.2138862e+00   1.3050187e+00
   7.2195465e+00   1.2948124e+00
   7.2252068e+00   1.2849281e+00
   7.2308671e+00   1.2833069e+00
   7.2365274e+00   1.2950546e+00
   7.2421877e+00   1.3201176e+00
   7.2478479e+00   1.3524534e+00
   7.2535082e+00   1.3817658e+00
   7.2591685e+00   1.4057625e+00
   7.2648288e+00   1.4234107e+00
   7.2704891e+00   1.4346124e+00
   7.2761494e+00   1.4339670e+00
   7.2818097e+00   1.4204814e+00
   7.2874699e+00   1.3990078e+00
   7.2931302e+00   1.3726711e+00
   7.2987905e+00   1.3471346e+00
   7.3044508e+00   1.3317878e+00
   7.3101111e+00   1.3387451e+00
   7.3157714e+00   1.3770872e+00
   7.3214316e+00   1.4470361e+00
   7.3270919e+00   1.5436466e+00
   7.3327522e+00   1.6570910e+00
   7.3384125e+00   1.7766342e+00
   7.3440728e+00   1.8927428e+00
   7.3497331e+00   1.9920472e+00
   7.3553934e+00   2.0744241e+00
   7.3610536e+00   2.1371638e+00
   7.3667139e+00   2.1859815e+00
   7.3723742e+00   2.2229561e+00
   7.3780345e+00   2.2537397e+00
   7.3836948e+00   2.2682768e+00
   7.3893551e+00   2.2513366e+00
   7.3950153e+00   2.2038324e+00
   7.4006756e+00   2.1418159e+00
   7.4063359e+00   2.0655886e+00
   7.4119962e+00   1.9608286e+00
   7.4176565e+00   1.8525581e+00
   7.4233168e+00   1.7575106e+00
   7.4289770e+00   1.6728613e+00
   7.4346373e+00   1.5898040e+00
   7.4402976e+00   1.5090809e+00
   7.4459579e+00   1.4450803e+00
   7.4516182e+00   1.4143454e+00
   7.4572785e+00   1.4376834e+00
   7.4629388e+00   1.5249168e+00
   7.4685990e+00   1.6752239e+00
   7.4742593e+00   1.8689850e+00
   7.4799196e+00   2.0729115e+00
   7.4855799e+00   2.2561468e+00
   7.4912402e+00   2.4262535e+00
   7.4969005e+00   2.6180194e+00
   7.5025607e+00   2.7989421e+00
   7.5082210e+00   2.8832828e+00
   7.5138813e+00   2.8968199e+00
   7.5195416e+00   5.1879218e+00
   7.5252019e+00   5.1459951e+00
   7.5308622e+00   3.5123114e+00
   7.5365225e+00   3.9212675e+00
   7.5421827e+00   4.3957844e+00
   7.5478430e+00   4.9010060e+00
   7.5535033e+00   5.3720625e+00
   7.5591636e+00   5.8160897e+00
   7.5648239e+00   6.2961444e+00
   7.5704842e+00   6.9120333e+00
   7.5761444e+00   7.5670988e+00
   7.5818047e+00   8.0300285e+00
   7.5874650e+00   8.2135679e+00
   7.5931253e+00   8.1689430e+00
   7.5987856e+00   7.9487229e+00
   7.6044459e+00   7.4434598e+00
   7.6101062e+00   6.7472200e+00
   7.6157664e+00   6.0159438e+00
   7.6214267e+00   5.2551698e+00
   7.6270870e+00   4.4106825e+00
   7.6327473e+00   3.5847166e+00
   7.6384076e+00   2.8910269e+00
   7.6440679e+00   2.3871625e+00
   7.6497281e+00   2.0663680e+00
   7.6553884e+00   1.8789727e+00
   7.6610487e+00   1.7843551e+00
   7.6667090e+00   1.7410085e+00
   7.6723693e+00   1.7045977e+00
   7.6780296e+00   1.6627597e+00
   7.6836899e+00   1.6176003e+00
   7.6893501e+00   1.5854802e+00
   7.6950104e+00   1.5714226e+00
   7.7006707e+00   1.5611862e+00
   7.7063310e+00   1.5488919e+00
   7.7119913e+00   1.5515026e+00
   7.7176516e+00   1.5603733e+00
   7.7233118e+00   1.5760462e+00
   7.7289721e+00   1.5915668e+00
   7.7346324e+00   1.5925496e+00
   7.7402927e+00   1.5687424e+00
   7.7459530e+00   1.5297341e+00
   7.7516133e+00   1.4818178e+00
   7.7572736e+00   1.4227614e+00
   7.7629338e+00   1.3530484e+00
   7.7685941e+00   1.2806894e+00
   7.7742544e+00   1.2174522e+00
   7.7799147e+00   1.1679209e+00
   7.7855750e+00   1.1354814e+00
   7.7912353e+00   1.1176760e+00
   7.7968955e+00   1.1076518e+00
   7.8025558e+00   1.1015841e+00
   7.8082161e+00   1.0982911e+00
   7.8138764e+00   1.0937063e+00
   7.8195367e+00   1.0876352e+00
   7.8251970e+00   1.0842191e+00
   7.8308573e+00   1.0817598e+00
   7.8365175e+00   1.0785862e+00
   7.8421778e+00   1.0756735e+00
   7.8478381e+00   1.0742476e+00
   7.8534984e+00   1.0729404e+00
   7.8591587e+00   1.0712202e+00
   7.8648190e+00   1.0681166e+00
   7.8704792e+00   1.0667338e+00
   7.8761395e+00   1.0653773e+00
   7.8817998e+00   1.0647623e+00
   7.8874601e+00   1.0642918e+00
   7.8931204e+00   1.0630721e+00
   7.8987807e+00   1.0635198e+00
   7.9044409e+00   1.0640879e+00
   7.9101012e+00   1.0645523e+00
   7.9157615e+00   1.0649974e+00
   7.9214218e+00   1.0677092e+00
   7.9270821e+00   1.0746314e+00
   7.9327424e+00   1.0749438e+00
   7.9384027e+00   1.0737170e+00
   7.9440629e+00   1.0752244e+00
   7.9497232e+00   1.0783098e+00
   7.9553835e+00   1.0798536e+00
   7.9610438e+00   1.0800949e+00
   7.9667041e+00   1.0808267e+00
   7.9723644e+00   1.0805818e+00
   7.9780246e+00   1.0811754e+00
   7.9836849e+00   1.0807737e+00
   7.9893452e+00   1.0807998e+00
   7.9950055e+00   1.0818847e+00
   8.0006658e+00   1.0828393e+00
   8.0063261e+00   1.0848347e+00
   8.0119864e+00   1.0884938e+00
   8.0176466e+00   1.0965978e+00
   8.0233069e+00   1.1117236e+00
   8.0289672e+00   1.1373393e+00
   8.0346275e+00   1.1794474e+00
   8.0402878e+00   1.2409530e+00
   8.0459481e+00   1.3189557e+00
   8.0516083e+00   1.4055054e+00
   8.0572686e+00   1.4891378e+00
   8.0629289e+00   1.5635403e+00
   8.0685892e+00   1.6244670e+00
   8.0742495e+00   1.6763645e+00
   8.0799098e+00   1.7146937e+00
   8.0855701e+00   1.7227376e+00
   8.0912303e+00   1.7003812e+00
   8.0968906e+00   1.6587521e+00
   8.1025509e+00   1.6102665e+00
   8.1082112e+00   1.5529324e+00
   8.1138715e+00   1.4931137e+00
   8.1195318e+00   1.4413119e+00
   8.1251920e+00   1.4048223e+00
   8.1308523e+00   1.3931697e+00
   8.1365126e+00   1.4023745e+00
   8.1421729e+00   1.4294820e+00
   8.1478332e+00   1.4613115e+00
   8.1534935e+00   1.4912838e+00
   8.1591538e+00   1.5181686e+00
   8.1648140e+00   1.5387202e+00
   8.1704743e+00   1.5480316e+00
   8.1761346e+00   1.5423296e+00
   8.1817949e+00   1.5259064e+00
   8.1874552e+00   1.4991247e+00
   8.1931155e+00   1.4620882e+00
   8.1987757e+00   1.4173230e+00
   8.2044360e+00   1.3693726e+00
   8.2100963e+00   1.3278867e+00
   8.2157566e+00   1.3008664e+00
   8.2214169e+00   1.2970207e+00
   8.2270772e+00   1.3263483e+00
   8.2327375e+00   1.4063017e+00
   8.2383977e+00   1.5622553e+00
   8.2440580e+00   1.8207728e+00
   8.2497183e+00   2.1763438e+00
   8.2553786e+00   2.6132352e+00
   8.2610389e+00   3.0717228e+00
   8.2666992e+00   3.4956782e+00
   8.2723594e+00   3.8505698e+00
   8.2780197e+00   4.1643668e+00
   8.2836800e+00   4.4767903e+00
   8.2893403e+00   4.6840509e+00
   8.2950006e+00   4.7161981e+00
   8.3006609e+00   4.5694417e+00
   8.3063212e+00   4.3386998e+00
   8.3119814e+00   4.1242930e+00
   8.3176417e+00   3.9388847e+00
   8.3233020e+00   3.7363878e+00
   8.3289623e+00   3.5027697e+00
   8.3346226e+00   3.2433717e+00
   8.3402829e+00   2.9616510e+00
   8.3459431e+00   2.6823930e+00
   8.3516034e+00   2.4075392e+00
   8.3572637e+00   2.1461601e+00
   8.3629240e+00   1.9059186e+00
   8.3685843e+00   1.6992664e+00
   8.3742446e+00   1.5387924e+00
   8.3799048e+00   1.4174492e+00
   8.3855651e+00   1.3327574e+00
   8.3912254e+00   1.2756563e+00
   8.3968857e+00   1.2418826e+00
   8.4025460e+00   1.2293892e+00
   8.4082063e+00   1.2373750e+00
   8.4138666e+00   1.2647558e+00
   8.4195268e+00   1.3094210e+00
   8.4251871e+00   1.3656059e+00
   8.4308474e+00   1.4261517e+00
   8.4365077e+00   1.4851170e+00
   8.4421680e+00   1.5422347e+00
   8.4478283e+00   1.6101139e+00
   8.4534885e+00   1.6948967e+00
   8.4591488e+00   1.8056379e+00
   8.4648091e+00   1.9331776e+00
   8.4704694e+00   2.0657446e+00
   8.4761297e+00   2.1873826e+00
   8.4817900e+00   2.2830819e+00
   8.4874503e+00   2.3622142e+00
   8.4931105e+00   2.4509949e+00
   8.4987708e+00   2.5419526e+00
   8.5044311e+00   2.5692003e+00
   8.5100914e+00   2.4841862e+00
   8.5157517e+00   2.3060717e+00
   8.5214120e+00   2.1175140e+00
   8.5270722e+00   1.9631266e+00
   8.5327325e+00   1.8194316e+00
   8.5383928e+00   1.6734462e+00
   8.5440531e+00   1.5292908e+00
   8.5497134e+00   1.4070501e+00
   8.5553737e+00   1.3148018e+00
   8.5610340e+00   1.2582550e+00
   8.5666942e+00   1.2284756e+00
   8.5723545e+00   1.2163684e+00
   8.5780148e+00   1.2151437e+00
   8.5836751e+00   1.2207783e+00
   8.5893354e+00   1.2342962e+00
   8.5949957e+00   1.2551349e+00
   8.6006559e+00   1.2827527e+00
   8.6063162e+00   1.3193000e+00
   8.6119765e+00   1.3666851e+00
   8.6176368e+00   1.4243801e+00
   8.6232971e+00   1.4890325e+00
   8.6289574e+00   1.5544108e+00
   8.6346177e+00   1.6142075e+00
   8.6402779e+00   1.6654966e+00
   8.6459382e+00   1.7042927e+00
   8.6515985e+00   1.7341966e+00
   8.6572588e+00   1.7525466e+00
   8.6629191e+00   1.7545750e+00
   8.6685794e+00   1.7364942e+00
   8.6742396e+00   1.7067463e+00
   8.6798999e+00   1.6697074e+00
   8.6855602e+00   1.6257510e+00
   8.6912205e+00   1.5728338e+00
   8.6968808e+00   1.5112816e+00
   8.7025411e+00   1.4495299e+00
   8.7082014e+00   1.3950321e+00
   8.7138616e+00   1.3537757e+00
   8.7195219e+00   1.3296766e+00
   8.7251822e+00   1.3197449e+00
   8.7308425e+00   1.3219627e+00
   8.7365028e+00   1.3306876e+00
   8.7421631e+00   1.3430301e+00
   8.7478233e+00   1.3559981e+00
   8.7534836e+00   1.3676744e+00
   8.7591439e+00   1.3788077e+00
   8.7648042e+00   1.3918978e+00
   8.7704645e+00   1.4100360e+00
   8.7761248e+00   1.4378117e+00
   8.7817851e+00   1.4735102e+00
   8.7874453e+00   1.5142508e+00
   8.7931056e+00   1.5492478e+00
   8.7987659e+00   1.5726181e+00
   8.8044262e+00   1.5778815e+00
   8.8100865e+00   1.5666041e+00
   8.8157468e+00   1.5422930e+00
   8.8214070e+00   1.5102016e+00
   8.8270673e+00   1.4788612e+00
   8.8327276e+00   1.4480001e+00
   8.8383879e+00   1.4194759e+00
   8.8440482e+00   1.3880972e+00
   8.8497085e+00   1.3505896e+00
   8.8553687e+00   1.3095464e+00
   8.8610290e+00   1.2710152e+00
   8.8666893e+00   1.2423139e+00
   8.8723496e+00   1.2280770e+00
   8.8780099e+00   1.2325088e+00
   8.8836702e+00   1.2583484e+00
   8.8893305e+00   1.3124181e+00
   8.8949907e+00   1.4135809e+00
   8.9006510e+00   1.5857283e+00
   8.9063113e+00   1.8491153e+00
   8.9119716e+00   2.2188402e+00
   8.9176319e+00   2.6740592e+00
   8.9232922e+00   3.1662666e+00
   8.9289524e+00   3.6417607e+00
   8.9346127e+00   4.0274591e+00
   8.9402730e+00   4.3068899e+00
   8.9459333e+00   4.5401726e+00
   8.9515936e+00   4.9888398e+00
   8.9572539e+00   5.8010474e+00
   8.9629142e+00   6.7644818e+00
   8.9685744e+00   7.5708274e+00
   8.9742347e+00   7.8444013e+00
   8.9798950e+00   7.4786077e+00
   8.9855553e+00   6.5501308e+00
   8.9912156e+00   5.4477488e+00
   8.9968759e+00   4.7514655e+00
   9.0025361e+00   4.4843760e+00
   9.0081964e+00   4.3131836e+00
   9.0138567e+00   4.0585451e+00
   9.0195170e+00   3.6903113e+00
   9.0251773e+00   3.2419898e+00
   9.0308376e+00   2.7902069e+00
   9.0364979e+00   2.3770225e+00
   9.0421581e+00   2.0607541e+00
   9.0478184e+00   1.8521011e+00
   9.0534787e+00   1.7277617e+00
   9.0591390e+00   1.6516742e+00
   9.0647993e+00   1.5924681e+00
   9.0704596e+00   1.5383430e+00
   9.0761198e+00   1.4853584e+00
   9.0817801e+00   1.4284863e+00
   9.0874404e+00   1.3677766e+00
   9.0931007e+00   1.3045625e+00
   9.0987610e+00   1.2482628e+00
   9.1044213e+00   1.2005905e+00
   9.1100816e+00   1.1645971e+00
   9.1157418e+00   1.1409149e+00
   9.1214021e+00   1.1257174e+00
   9.1270624e+00   1.1198285e+00
   9.1327227e+00   1.1117994e+00
   9.1383830e+00   1.1002110e+00
   9.1440433e+00   1.0956049e+00
   9.1497035e+00   1.0906728e+00
   9.1553638e+00   1.0870625e+00
   9.1610241e+00   1.0840290e+00
   9.1666844e+00   1.0817802e+00
   9.1723447e+00   1.0802046e+00
   9.1780050e+00   1.0775115e+00
   9.1836653e+00   1.0761234e+00
   9.1893255e+00   1.0738154e+00
   9.1949858e+00   1.0722445e+00
   9.2006461e+00   1.0720684e+00
   9.2063064e+00   1.0716061e+00
   9.2119667e+00   1.0716778e+00
   9.2176270e+00   1.0711934e+00
   9.2232872e+00   1.0708201e+00
   9.2289475e+00   1.0713385e+00
   9.2346078e+00   1.0722380e+00
   9.2402681e+00   1.0751523e+00
   9.2459284e+00   1.0794766e+00
   9.2515887e+00   1.0887239e+00
   9.2572490e+00   1.1089631e+00
   9.2629092e+00   1.1429549e+00
   9.2685695e+00   1.1956661e+00
   9.2742298e+00   1.2632477e+00
   9.2798901e+00   1.3391657e+00
   9.2855504e+00   1.4174148e+00
   9.2912107e+00   1.4910644e+00
   9.2968709e+00   1.5617116e+00
   9.3025312e+00   1.6321633e+00
   9.3081915e+00   1.7067503e+00
   9.3138518e+00   1.7683483e+00
   9.3195121e+00   1.7922942e+00
   9.3251724e+00   1.7639777e+00
   9.3308327e+00   1.6950738e+00
   9.3364929e+00   1.6241054e+00
   9.3421532e+00   1.5621416e+00
   9.3478135e+00   1.5049090e+00
   9.3534738e+00   1.4435098e+00
   9.3591341e+00   1.3809355e+00
   9.3647944e+00   1.3233291e+00
   9.3704546e+00   1.2746322e+00
   9.3761149e+00   1.2414041e+00
   9.3817752e+00   1.2225351e+00
   9.3874355e+00   1.2154079e+00
   9.3930958e+00   1.2140930e+00
   9.3987561e+00   1.2107136e+00
   9.4044163e+00   1.2073652e+00
   9.4100766e+00   1.2028815e+00
   9.4157369e+00   1.1961333e+00
   9.4213972e+00   1.1857930e+00
   9.4270575e+00   1.1797487e+00
   9.4327178e+00   1.1763411e+00
   9.4383781e+00   1.1777384e+00
   9.4440383e+00   1.1848522e+00
   9.4496986e+00   1.1969480e+00
   9.4553589e+00   1.2110257e+00
   9.4610192e+00   1.2252157e+00
   9.4666795e+00   1.2397438e+00
   9.4723398e+00   1.2550060e+00
   9.4780000e+00   1.2696613e+00
   9.4836603e+00   1.2856020e+00
   9.4893206e+00   1.3029630e+00
   9.4949809e+00   1.3196561e+00
   9.5006412e+00   1.3350178e+00
   9.5063015e+00   1.3483547e+00
   9.5119618e+00   1.3568226e+00
   9.5176220e+00   1.3634100e+00
   9.5232823e+00   1.3706555e+00
   9.5289426e+00   1.3818300e+00
   9.5346029e+00   1.4007953e+00
   9.5402632e+00   1.4276585e+00
   9.5459235e+00   1.4603451e+00
   9.5515837e+00   1.4894899e+00
   9.5572440e+00   1.5096396e+00
   9.5629043e+00   1.5223782e+00
   9.5685646e+00   1.5261147e+00
   9.5742249e+00   1.5237128e+00
   9.5798852e+00   1.5209186e+00
   9.5855455e+00   1.5269850e+00
   9.5912057e+00   1.5425179e+00
   9.5968660e+00   1.5651550e+00
   9.6025263e+00   1.5916379e+00
   9.6081866e+00   1.6173428e+00
   9.6138469e+00   1.6401688e+00
   9.6195072e+00   1.6585100e+00
   9.6251674e+00   1.6687396e+00
   9.6308277e+00   1.6656681e+00
   9.6364880e+00   1.6442710e+00
   9.6421483e+00   1.6082784e+00
   9.6478086e+00   1.5630876e+00
   9.6534689e+00   1.5110396e+00
   9.6591292e+00   1.4539571e+00
   9.6647894e+00   1.3982040e+00
   9.6704497e+00   1.3505020e+00
   9.6761100e+00   1.3130430e+00
   9.6817703e+00   1.2875285e+00
   9.6874306e+00   1.2759693e+00
   9.6930909e+00   1.2731049e+00
   9.6987511e+00   1.2762370e+00
   9.7044114e+00   1.2838603e+00
   9.7100717e+00   1.2891246e+00
   9.7157320e+00   1.2931267e+00
   9.7213923e+00   1.2976586e+00
   9.7270526e+00   1.2993122e+00
   9.7327129e+00   1.2987806e+00
   9.7383731e+00   1.2993338e+00
   9.7440334e+00   1.2968495e+00
   9.7496937e+00   1.2891153e+00
   9.7553540e+00   1.2757615e+00
   9.7610143e+00   1.2589116e+00
   9.7666746e+00   1.2396529e+00
   9.7723348e+00   1.2189820e+00
   9.7779951e+00   1.1956398e+00
   9.7836554e+00   1.1744405e+00
   9.7893157e+00   1.1565553e+00
   9.7949760e+00   1.1430795e+00
   9.8006363e+00   1.1397108e+00
   9.8062966e+00   1.1419696e+00
   9.8119568e+00   1.1520878e+00
   9.8176171e+00   1.1718537e+00
   9.8232774e+00   1.2082312e+00
   9.8289377e+00   1.2637097e+00
   9.8345980e+00   1.3353004e+00
   9.8402583e+00   1.4222208e+00
   9.8459185e+00   1.5197644e+00
   9.8515788e+00   1.6153768e+00
   9.8572391e+00   1.7041151e+00
   9.8628994e+00   1.7867768e+00
   9.8685597e+00   1.8622013e+00
   9.8742200e+00   1.9266580e+00
   9.8798802e+00   1.9799201e+00
   9.8855405e+00   2.0093432e+00
   9.8912008e+00   2.0046713e+00
   9.8968611e+00   1.9666303e+00
   9.9025214e+00   1.9104714e+00
   9.9081817e+00   1.8486045e+00
   9.9138420e+00   1.7822248e+00
   9.9195022e+00   1.7067270e+00
   9.9251625e+00   1.6260305e+00
   9.9308228e+00   1.5468796e+00
   9.9364831e+00   1.4732328e+00
   9.9421434e+00   1.4142305e+00
   9.9478037e+00   1.3741920e+00
   9.9534639e+00   1.3543239e+00
   9.9591242e+00   1.3503553e+00
   9.9647845e+00   1.3559157e+00
   9.9704448e+00   1.3654582e+00
   9.9761051e+00   1.3787545e+00
   9.9817654e+00   1.3952770e+00
   9.9874257e+00   1.4135089e+00
   9.9930859e+00   1.4310321e+00
   9.9987462e+00   1.4510278e+00
   1.0004407e+01   1.4740927e+00
   1.0010067e+01   1.4998153e+00
   1.0015727e+01   1.5274396e+00
   1.0021387e+01   1.5538367e+00
   1.0027048e+01   1.5779718e+00
   1.0032708e+01   1.5968882e+00
   1.0038368e+01   1.6100986e+00
   1.0044029e+01   1.6169054e+00
   1.0049689e+01   1.6143800e+00
   1.0055349e+01   1.6028889e+00
   1.0061009e+01   1.5846268e+00
   1.0066670e+01   1.5617351e+00
   1.0072330e+01   1.5420866e+00
   1.0077990e+01   1.5318204e+00
   1.0083650e+01   1.5336539e+00
   1.0089311e+01   1.5542892e+00
   1.0094971e+01   1.5986484e+00
   1.0100631e+01   1.6751908e+00
   1.0106292e+01   1.7867684e+00
   1.0111952e+01   1.9328963e+00
   1.0117612e+01   2.1040557e+00
   1.0123272e+01   2.2866205e+00
   1.0128933e+01   2.4651481e+00
   1.0134593e+01   2.6228073e+00
   1.0140253e+01   2.7518859e+00
   1.0145914e+01   2.8480450e+00
   1.0151574e+01   2.9161372e+00
   1.0157234e+01   2.9832765e+00
   1.0162894e+01   3.1143208e+00
   1.0168555e+01   3.3358369e+00
   1.0174215e+01   3.5589180e+00
   1.0179875e+01   3.6584350e+00
   1.0185536e+01   3.5854655e+00
   1.0191196e+01   3.3939804e+00
   1.0196856e+01   3.1876069e+00
   1.0202516e+01   3.0443807e+00
   1.0208177e+01   2.9512083e+00
   1.0213837e+01   2.8576872e+00
   1.0219497e+01   2.7428631e+00
   1.0225158e+01   2.5912678e+00
   1.0230818e+01   2.4112415e+00
   1.0236478e+01   2.1989912e+00
   1.0242138e+01   1.9741960e+00
   1.0247799e+01   1.7650893e+00
   1.0253459e+01   1.5909194e+00
   1.0259119e+01   1.4594646e+00
   1.0264780e+01   1.3700618e+00
   1.0270440e+01   1.3115148e+00
   1.0276100e+01   1.2756688e+00
   1.0281760e+01   1.2578388e+00
   1.0287421e+01   1.2458567e+00
   1.0293081e+01   1.2384168e+00
   1.0298741e+01   1.2353601e+00
   1.0304402e+01   1.2317970e+00
   1.0310062e+01   1.2272010e+00
   1.0315722e+01   1.2220152e+00
   1.0321382e+01   1.2167447e+00
   1.0327043e+01   1.2085381e+00
   1.0332703e+01   1.1973383e+00
   1.0338363e+01   1.1852971e+00
   1.0344024e+01   1.1724855e+00
   1.0349684e+01   1.1592899e+00
   1.0355344e+01   1.1469788e+00
   1.0361004e+01   1.1356575e+00
   1.0366665e+01   1.1264052e+00
   1.0372325e+01   1.1211365e+00
   1.0377985e+01   1.1174598e+00
   1.0383646e+01   1.1134941e+00
   1.0389306e+01   1.1106484e+00
   1.0394966e+01   1.1082489e+00
   1.0400626e+01   1.1104507e+00
   1.0406287e+01   1.1145930e+00
   1.0411947e+01   1.1164146e+00
   1.0417607e+01   1.1171386e+00
   1.0423268e+01   1.1175637e+00
   1.0428928e+01   1.1180773e+00
   1.0434588e+01   1.1217302e+00
   1.0440248e+01   1.1245690e+00
   1.0445909e+01   1.1273729e+00
   1.0451569e+01   1.1282934e+00
   1.0457229e+01   1.1318926e+00
   1.0462890e+01   1.1339969e+00
   1.0468550e+01   1.1356285e+00
   1.0474210e+01   1.1378765e+00
   1.0479870e+01   1.1402590e+00
   1.0485531e+01   1.1423740e+00
   1.0491191e+01   1.1461902e+00
   1.0496851e+01   1.1523271e+00
   1.0502512e+01   1.1612168e+00
   1.0508172e+01   1.1743079e+00
   1.0513832e+01   1.1919788e+00
   1.0519492e+01   1.2105730e+00
   1.0525153e+01   1.2313154e+00
   1.0530813e+01   1.2528399e+00
   1.0536473e+01   1.2768295e+00
   1.0542134e+01   1.2978575e+00
   1.0547794e+01   1.3182172e+00
   1.0553454e+01   1.3362169e+00
   1.0559114e+01   1.3521858e+00
   1.0564775e+01   1.3679451e+00
   1.0570435e+01   1.3794442e+00
   1.0576095e+01   1.3823317e+00
   1.0581756e+01   1.3805847e+00
   1.0587416e+01   1.3785416e+00
   1.0593076e+01   1.3791492e+00
   1.0598736e+01   1.3816613e+00
   1.0604397e+01   1.3809088e+00
   1.0610057e+01   1.3812444e+00
   1.0615717e+01   1.3802216e+00
   1.0621378e+01   1.3804381e+00
   1.0627038e+01   1.3891180e+00
   1.0632698e+01   1.4037885e+00
   1.0638358e+01   1.4164054e+00
   1.0644019e+01   1.4378617e+00
   1.0649679e+01   1.4804617e+00
   1.0655339e+01   1.5350123e+00
   1.0661000e+01   1.5994705e+00
   1.0666660e+01   1.6770017e+00
   1.0672320e+01   1.7540888e+00
   1.0677980e+01   1.8282282e+00
   1.0683641e+01   1.8990706e+00
   1.0689301e+01   1.9625075e+00
   1.0694961e+01   2.0214512e+00
   1.0700622e+01   2.0704604e+00
   1.0706282e+01   2.1214660e+00
   1.0711942e+01   2.1784306e+00
   1.0717602e+01   2.2452383e+00
   1.0723263e+01   2.3193088e+00
   1.0728923e+01   2.3832323e+00
   1.0734583e+01   2.4068326e+00
   1.0740243e+01   2.3831761e+00
   1.0745904e+01   2.3283828e+00
   1.0751564e+01   2.2700629e+00
   1.0757224e+01   2.2157585e+00
   1.0762885e+01   2.1617895e+00
   1.0768545e+01   2.0988228e+00
   1.0774205e+01   2.0223999e+00
   1.0779865e+01   1.9376477e+00
   1.0785526e+01   1.8408595e+00
   1.0791186e+01   1.7334827e+00
   1.0796846e+01   1.6198562e+00
   1.0802507e+01   1.5092807e+00
   1.0808167e+01   1.4135529e+00
   1.0813827e+01   1.3348806e+00
   1.0819487e+01   1.2810529e+00
   1.0825148e+01   1.2383963e+00
   1.0830808e+01   1.2055999e+00
   1.0836468e+01   1.1838136e+00
   1.0842129e+01   1.1705227e+00
   1.0847789e+01   1.1631448e+00
   1.0853449e+01   1.1603157e+00
   1.0859109e+01   1.1592758e+00
   1.0864770e+01   1.1610001e+00
   1.0870430e+01   1.1646960e+00
   1.0876090e+01   1.1688971e+00
   1.0881751e+01   1.1734644e+00
   1.0887411e+01   1.1774952e+00
   1.0893071e+01   1.1830738e+00
   1.0898731e+01   1.1909052e+00
   1.0904392e+01   1.1965419e+00
   1.0910052e+01   1.2012591e+00
   1.0915712e+01   1.2078900e+00
   1.0921373e+01   1.2135676e+00
   1.0927033e+01   1.2176509e+00
   1.0932693e+01   1.2187593e+00
   1.0938353e+01   1.2235996e+00
   1.0944014e+01   1.2301512e+00
   1.0949674e+01   1.2374554e+00
   1.0955334e+01   1.2466339e+00
   1.0960995e+01   1.2561230e+00
   1.0966655e+01   1.2654446e+00
   1.0972315e+01   1.2745104e+00
   1.0977975e+01   1.2881674e+00
   1.0983636e+01   1.3057276e+00
   1.0989296e+01   1.3165463e+00
   1.0994956e+01   1.3285611e+00
   1.1000617e+01   1.3429729e+00
   1.1006277e+01   1.3521149e+00
   1.1011937e+01   1.3572358e+00
   1.1017597e+01   1.3611466e+00
   1.1023258e+01   1.3651205e+00
   1.1028918e+01   1.3675925e+00
   1.1034578e+01   1.3668399e+00
   1.1040239e+01   1.3606072e+00
   1.1045899e+01   1.3543520e+00
   1.1051559e+01   1.3494754e+00
   1.1057219e+01   1.3455867e+00
   1.1062880e+01   1.3434162e+00
   1.1068540e+01   1.3464121e+00
   1.1074200e+01   1.3492509e+00
   1.1079861e+01   1.3536524e+00
   1.1085521e+01   1.3590451e+00
   1.1091181e+01   1.3647052e+00
   1.1096841e+01   1.3760650e+00
   1.1102502e+01   1.3908422e+00
   1.1108162e+01   1.4049679e+00
   1.1113822e+01   1.4196600e+00
   1.1119483e+01   1.4341033e+00
   1.1125143e+01   1.4479344e+00
   1.1130803e+01   1.4947873e+00
   1.1136463e+01   1.5375252e+00
   1.1142124e+01   1.5498701e+00
   1.1147784e+01   1.5308119e+00
   1.1153444e+01   1.5354010e+00
   1.1159105e+01   1.5666726e+00
   1.1164765e+01   1.5511992e+00
   1.1170425e+01   1.4869063e+00
   1.1176085e+01   1.4941962e+00
   1.1181746e+01   1.5318482e+00
   1.1187406e+01   1.5809541e+00
   1.1193066e+01   1.6408476e+00
   1.1198727e+01   1.7161233e+00
   1.1204387e+01   1.7985545e+00
   1.1210047e+01   1.8803866e+00
   1.1215707e+01   1.9613426e+00
   1.1221368e+01   2.0413385e+00
   1.1227028e+01   2.1165984e+00
   1.1232688e+01   2.1836133e+00
   1.1238349e+01   2.2344368e+00
   1.1244009e+01   2.2851915e+00
   1.1249669e+01   2.3386226e+00
   1.1255329e+01   2.3861926e+00
   1.1260990e+01   2.4044864e+00
   1.1266650e+01   2.3927947e+00
   1.1272310e+01   2.3589774e+00
   1.1277971e+01   2.3058315e+00
   1.1283631e+01   2.2412217e+00
   1.1289291e+01   2.1752076e+00
   1.1294951e+01   2.1148797e+00
   1.1300612e+01   2.0486528e+00
   1.1306272e+01   1.9741213e+00
   1.1311932e+01   1.8944762e+00
   1.1317593e+01   1.8168362e+00
   1.1323253e+01   1.7491979e+00
   1.1328913e+01   1.6906839e+00
   1.1334573e+01   1.6447702e+00
   1.1340234e+01   1.6173834e+00
   1.1345894e+01   1.6014188e+00
   1.1351554e+01   1.5926426e+00
   1.1357215e+01   1.5963920e+00
   1.1362875e+01   1.6095243e+00
   1.1368535e+01   1.6281964e+00
   1.1374195e+01   1.6482972e+00
   1.1379856e+01   1.6699412e+00
   1.1385516e+01   1.6901432e+00
   1.1391176e+01   1.7046423e+00
   1.1396837e+01   1.7197017e+00
   1.1402497e+01   1.7356635e+00
   1.1408157e+01   1.7444715e+00
   1.1413817e+01   1.7507508e+00
   1.1419478e+01   1.7559563e+00
   1.1425138e+01   1.7557680e+00
   1.1430798e+01   1.7414256e+00
   1.1436458e+01   1.7179978e+00
   1.1442119e+01   1.6946926e+00
   1.1447779e+01   1.6629344e+00
   1.1453439e+01   1.6290154e+00
   1.1459100e+01   1.6002116e+00
   1.1464760e+01   1.5739285e+00
   1.1470420e+01   1.5471412e+00
   1.1476080e+01   1.5207664e+00
   1.1481741e+01   1.5026884e+00
   1.1487401e+01   1.4855296e+00
   1.1493061e+01   1.4747008e+00
   1.1498722e+01   1.4698617e+00
   1.1504382e+01   1.4716738e+00
   1.1510042e+01   1.4834007e+00
   1.1515702e+01   1.4906240e+00
   1.1521363e+01   1.4892978e+00
   1.1527023e+01   1.4853986e+00
   1.1532683e+01   1.4949287e+00
   1.1538344e+01   1.5104112e+00
   1.1544004e+01   1.5312526e+00
   1.1549664e+01   1.5399760e+00
   1.1555324e+01   1.5438970e+00
   1.1560985e+01   1.5518512e+00
   1.1566645e+01   1.5535143e+00
   1.1572305e+01   1.5708032e+00
   1.1577966e+01   1.5849009e+00
   1.1583626e+01   1.5862624e+00
   1.1589286e+01   1.5889059e+00
   1.1594946e+01   1.6051910e+00
   1.1600607e+01   1.6208709e+00
   1.1606267e+01   1.6245605e+00
   1.1611927e+01   1.6266307e+00
   1.1617588e+01   1.6388421e+00
   1.1623248e+01   1.6547798e+00
   1.1628908e+01   1.6647044e+00
   1.1634568e+01   1.6688405e+00
   1.1640229e+01   1.6815267e+00
   1.1645889e+01   1.6895444e+00
   1.1651549e+01   1.7033714e+00
   1.1657210e+01   1.7231431e+00
   1.1662870e+01   1.7398069e+00
   1.1668530e+01   1.7615659e+00
   1.1674190e+01   1.7945290e+00
   1.1679851e+01   1.8418760e+00
   1.1685511e+01   1.8889470e+00
   1.1691171e+01   1.9467243e+00
   1.1696832e+01   2.0290084e+00
   1.1702492e+01   2.1112438e+00
   1.1708152e+01   2.1773693e+00
   1.1713812e+01   2.2352395e+00
   1.1719473e+01   2.2926503e+00
   1.1725133e+01   2.3466323e+00
   1.1730793e+01   2.3992938e+00
   1.1736454e+01   2.4325381e+00
   1.1742114e+01   2.4521140e+00
   1.1747774e+01   2.4573555e+00
   1.1753434e+01   2.4668493e+00
   1.1759095e+01   2.4768611e+00
   1.1764755e+01   2.4788484e+00
   1.1770415e+01   2.4939072e+00
   1.1776076e+01   2.4988924e+00
   1.1781736e+01   2.4997678e+00
   1.1787396e+01   2.5197284e+00
   1.1793056e+01   2.5860000e+00
   1.1798717e+01   2.6239811e+00
   1.1804377e+01   2.5680733e+00
   1.1810037e+01   2.4927251e+00
   1.1815698e+01   2.4640984e+00
   1.1821358e+01   2.4315461e+00
   1.1827018e+01   2.3895176e+00
   1.1832678e+01   2.3464879e+00
   1.1838339e+01   2.3178279e+00
   1.1843999e+01   2.2849133e+00
   1.1849659e+01   2.2560538e+00
   1.1855320e+01   2.2453469e+00
   1.1860980e+01   2.2419663e+00
   1.1866640e+01   2.2394099e+00
   1.1872300e+01   2.2662764e+00
   1.1877961e+01   2.2923019e+00
   1.1883621e+01   2.3222454e+00
   1.1889281e+01   2.3635559e+00
   1.1894942e+01   2.4070523e+00
   1.1900602e+01   2.4468910e+00
   1.1906262e+01   2.4855809e+00
   1.1911922e+01   2.5371449e+00
   1.1917583e+01   2.5845130e+00
   1.1923243e+01   2.6439763e+00
   1.1928903e+01   2.7128536e+00
   1.1934564e+01   2.7863963e+00
   1.1940224e+01   2.8659095e+00
   1.1945884e+01   2.9423281e+00
   1.1951544e+01   3.0546688e+00
   1.1957205e+01   3.2031403e+00
   1.1962865e+01   3.3651728e+00
   1.1968525e+01   3.5308963e+00
   1.1974186e+01   3.7309042e+00
   1.1979846e+01   3.9998781e+00
   1.1985506e+01   4.3507271e+00
   1.1991166e+01   4.7549268e+00
   1.1996827e+01   5.3112893e+00
   1.2002487e+01   6.2543882e+00
   1.2008147e+01   8.2535328e+00
   1.2013808e+01   1.3726681e+01
